91.76
[[0.]
 [0.]
 [0.]
 ...
 [9.]
 [9.]
 [9.]]
[  0.   0.   0.   0.   0.   0.   0.   0.   0.   0.   0.   0.   0.   0.
   0.   0.   0.   0.   0.   0.   0.   0.   0.   0.   0.   0.   0.   0.
   0.   0.   0.   0.   0.   0.   0.   0.   0.   0.   0.   0.   0.   0.
   0.   0.   0.   0.   0.   0.   0.   0.   0.   9.  33.   9.   0.   0.
   0.   0.   0.   0.   0.   0.   0.   0.   0.   0.   0.   0.   0.   0.
  41. 177. 249. 178.  29.   0.   0.   0.   0.   0.   0.   0.   0.   0.
   0.   0.   0.   0.   0.  33. 198. 255. 240. 255. 107.   0.   0.   0.
   0.   0.   0.   0.   0.   0.   0.   0.   0.   1.  70. 199. 255. 255.
 197. 154. 253.  98.   0.   0.   0.   0.   0.   0.   0.   0.   0.   0.
   0.  45. 238. 255. 205. 224. 222.  83. 224. 128.   0.   0.   0.   0.
   0.   0.   0.   0.   0.   0.  25. 202. 255. 193.  40.  99.  54.   0.
 190. 197.  16.   0.   0.   0.   0.   0.   0.   0.   0.  20. 163. 246.
 152.  72.   0.   0.   0.   0. 184. 252.  74.   0.   0.   0.   0.   0.
   0.   0.   0.  97. 255. 118.   0.   1.   0.   0.   0.   0. 184. 255.
  82.   0.   0.   0.   0.   0.   0.   0.  20. 218. 216.  17.   0.   0.
   0.   0.   0.   0. 183. 255.  78.   0.   0.   0.   0.   0.   0.   0.
  67. 255. 138.   0.   0.   0.   0.   0.   0.  24. 215. 188.  22.   0.
   0.   0.   0.   0.   0.   0.  69. 247.  87.   0.   0.   0.   0.   0.
  31. 185. 212.  54.   0.   0.   0.   0.   0.   0.   0.   0.  71. 237.
  68.   0.   0.   0.   0.  94. 211. 177.  17.   0.   0.   0.   0.   0.
   0.   0.   0.   0.  69. 255. 170.  39.  39. 115. 183. 238. 185.  37.
   0.   0.   0.   0.   0.   0.   0.   0.   0.   0.  57. 245. 255. 229.
 233. 255. 216. 117.  13.   0.   0.   0.   0.   0.   0.   0.   0.   0.
   0.   0.   7. 114. 230. 255. 234. 137.  38.   0.   0.   0.   0.   0.
   0.   0.   0.   0.   0.   0.   0.   0.   0.   0.  26.  38.  27.   0.
   0.   0.   0.   0.   0.   0.   0.   0.   0.   0.   0.   0.   0.   0.
   0.   0.   0.   0.   0.   0.   0.   0.   0.   0.   0.   0.   0.   0.
   0.   0.   0.   0.   0.   0.   0.   0.   0.   0.   0.   0.   0.   0.
   0.   0.   0.   0.   0.   0.   0.   0.]
[0]
[array([[  0.,   0.,   0., ..., 255., 255., 255.],
       [255., 255., 255., ..., 255., 255., 255.],
       [255., 255., 255., ...,   0.,   0.,   0.]], dtype=float32), array([[  0.,   0.,   0., ..., 255., 255., 255.],
       [255., 255.,  78., ..., 126., 147., 147.],
       [147., 253., 253., ...,  75.,  75.,  75.]], dtype=float32), array([[  0.,   0.,   0., ...,  51.,  51., 159.],
       [159., 159., 255., ...,   0.,   0.,   0.],
       [  0.,   0.,   0., ...,   0.,   0.,   0.]], dtype=float32), array([[ 18.,  18.,  18., ...,  31.,  31., 255.],
       [255., 255., 255., ...,   0.,   0.,   0.],
       [  0.,   0.,   0., ...,   0.,   0.,   0.]], dtype=float32), array([[132., 132., 132., ...,   0.,   0.,  48.],
       [ 48.,  48., 240., ..., 218.,   0.,   0.],
       [  0.,   0.,   0., ...,   0.,   0.,   0.]], dtype=float32), array([[189., 189., 189., ...,   0.,   0.,   0.],
       [  0.,   0.,   0., ...,   0.,   0.,   0.],
       [  0.,   0.,   0., ..., 255., 255., 255.]], dtype=float32), array([[255., 255., 255., ...,   0.,   0.,   0.],
       [  0.,   0.,   0., ...,   0.,   0.,   0.],
       [  0.,  39.,  39., ..., 255., 255., 255.]], dtype=float32), array([[255., 255., 255., ...,   0.,   0.,   0.],
       [  0.,   0.,   0., ...,   0.,   0.,   0.],
       [  0.,   0.,   0., ..., 255., 255., 255.]], dtype=float32), array([[  0.,   0.,   0., ..., 255., 255., 255.],
       [255., 255., 170., ..., 131., 189., 189.],
       [189., 255., 255., ...,   0.,   0.,   0.]], dtype=float32), array([[  0.,   0.,   0., ..., 255., 255., 255.],
       [255., 255., 255., ..., 255., 255., 255.],
       [255., 255., 255., ...,   0.,   0.,   0.]], dtype=float32), array([[  0.,   0.,   0., ...,   9.,   9., 229.],
       [229., 229., 255., ..., 255., 255., 255.],
       [255., 255., 255., ...,  32.,  32.,  32.]], dtype=float32), array([[  0.,   0.,   0., ..., 255., 255., 255.],
       [255., 255., 255., ..., 255., 255., 255.],
       [255., 255., 255., ...,   0.,   0.,   0.]], dtype=float32), array([[  0.,   0.,   0., ..., 255., 255., 255.],
       [255., 255., 255., ..., 255., 255., 255.],
       [255., 255., 255., ...,   0.,   0.,   0.]], dtype=float32), array([[  0.,   0.,   0., ...,   0.,   0.,   0.],
       [  0.,   0.,  85., ...,   0.,   0.,   0.],
       [  0.,   0.,   0., ..., 255., 255., 255.]], dtype=float32)]
[[[  0.   0.   0. ... 255. 255. 255.]
  [255. 255. 255. ... 255. 255. 255.]
  [255. 255. 255. ...   0.   0.   0.]]

 [[  0.   0.   0. ... 255. 255. 255.]
  [255. 255.  78. ... 126. 147. 147.]
  [147. 253. 253. ...  75.  75.  75.]]

 [[  0.   0.   0. ...  51.  51. 159.]
  [159. 159. 255. ...   0.   0.   0.]
  [  0.   0.   0. ...   0.   0.   0.]]

 ...

 [[  0.   0.   0. ... 255. 255. 255.]
  [255. 255. 255. ... 255. 255. 255.]
  [255. 255. 255. ...   0.   0.   0.]]

 [[  0.   0.   0. ... 255. 255. 255.]
  [255. 255. 255. ... 255. 255. 255.]
  [255. 255. 255. ...   0.   0.   0.]]

 [[  0.   0.   0. ...   0.   0.   0.]
  [  0.   0.  85. ...   0.   0.   0.]
  [  0.   0.   0. ... 255. 255. 255.]]]
0 *************************
[[0.]
 [0.]
 [2.]]
1 *************************
[[8.]
 [5.]
 [6.]]
2 *************************
[[4.]
 [4.]
 [0.]]
3 *************************
[[0.]
 [1.]
 [0.]]
4 *************************
[[0.]
 [3.]
 [6.]]
5 *************************
[[2.]
 [1.]
 [5.]]
6 *************************
[[3.]
 [1.]
 [1.]]
7 *************************
[[1.]
 [1.]
 [7.]]
8 *************************
[[3.]
 [2.]
 [0.]]
9 *************************
[[8.]
 [0.]
 [0.]]
10 *************************
[[0.]
 [0.]
 [0.]]
11 *************************
[[0.]
 [2.]
 [0.]]
12 *************************
[[0.]
 [0.]
 [0.]]
13 *************************
[[0.]
 [3.]
 [3.]]
[[0]
 [0]
 [0]
 ...
 [9]
 [9]
 [9]]
['train', 'train_labels']
