91.76
[[0.]
 [0.]
 [0.]
 ...
 [9.]
 [9.]
 [9.]]
[[0. 0. 0. ... 0. 0. 0.]
 [0. 0. 0. ... 0. 0. 0.]
 [0. 0. 0. ... 0. 0. 0.]
 ...
 [0. 0. 0. ... 0. 0. 0.]
 [0. 0. 0. ... 0. 0. 0.]
 [0. 0. 0. ... 0. 0. 0.]]
[array([[229.,  15., 229., ...,  87.,  87.,  87.],
       [ 87.,  87.,  87., ...,  99.,  95.,  95.],
       [ 95.,  90.,  90., ..., 130.,  83., 130.]], dtype=float32), array([[194.,  35., 194., ...,  93.,  93.,  91.],
       [ 91.,  91.,  89., ...,  69.,  71.,  71.],
       [ 71.,  76.,  76., ..., 111.,  85., 111.]], dtype=float32), array([[218.,  18., 218., ...,  88.,  88.,  91.],
       [ 91.,  91.,  90., ...,  94.,  94.,  94.],
       [ 94.,  93.,  93., ..., 125.,  78., 125.]], dtype=float32), array([[224.,  20., 224., ...,  89.,  89.,  89.],
       [ 89.,  89.,  93., ...,  97.,  87.,  87.],
       [ 87.,  87.,  87., ..., 131.,  88., 131.]], dtype=float32), array([[133.,  62., 133., ...,  91.,  91.,  95.],
       [ 95.,  95.,  93., ...,  95.,  85.,  85.],
       [ 85.,  90.,  90., ...,  97.,  93.,  97.]], dtype=float32), array([[222.,  24., 222., ...,  15.,  15.,  21.],
       [ 21.,  21.,  23., ...,   2.,   5.,   5.],
       [  5.,   9.,   9., ..., 148., 106., 148.]], dtype=float32), array([[156.,  98., 156., ..., 105., 105.,  97.],
       [ 97.,  97., 107., ...,  96.,  99.,  99.],
       [ 99., 101., 101., ...,  98.,  98.,  98.]], dtype=float32), array([[206.,  32., 206., ...,  89.,  89.,  86.],
       [ 86.,  86.,  89., ...,  91.,  92.,  92.],
       [ 92.,  93.,  93., ..., 117.,  86., 117.]], dtype=float32), array([[171.,  49., 171., ...,  89.,  89.,  88.],
       [ 88.,  88.,  89., ...,  93.,  91.,  91.],
       [ 91.,  93.,  93., ..., 104.,  85., 104.]], dtype=float32), array([[127., 127., 127., ..., 127., 127., 127.],
       [127., 127., 127., ..., 127., 127., 127.],
       [127., 127., 127., ..., 126., 126., 126.]], dtype=float32), array([[127., 127., 127., ..., 123., 123., 122.],
       [122., 122., 127., ..., 127., 127., 127.],
       [127., 127., 127., ..., 113., 113., 113.]], dtype=float32), array([[112., 112., 112., ...,  92.,  92.,  92.],
       [ 92.,  92.,  90., ..., 105., 104., 104.],
       [104.,  96.,  96., ..., 100.,  89., 100.]], dtype=float32), array([[127., 127., 127., ..., 107., 107., 104.],
       [104., 104.,  89., ..., 113., 109., 109.],
       [109., 111., 111., ...,  92.,  92.,  92.]], dtype=float32), array([[218.,  28., 218., ..., 121., 121., 121.],
       [121., 121., 116., ...,  81.,  86.,  86.],
       [ 86.,  94.,  94., ..., 115.,  80., 115.]], dtype=float32), array([[178.,  76., 178., ...,   1.,   1.,   4.],
       [  4.,   4.,   6., ...,  86., 110., 110.],
       [110., 126., 126., ..., 134., 121., 134.]], dtype=float32), array([[127., 127., 127., ..., 127., 127., 127.],
       [127., 127., 127., ..., 126., 124., 124.],
       [124., 127., 127., ...,  47.,  47.,  47.]], dtype=float32), array([[202.,  52., 202., ...,   9.,   9.,  10.],
       [ 10.,  10.,  15., ...,   2.,   3.,   3.],
       [  3.,  10.,  10., ..., 141., 113., 141.]], dtype=float32), array([[127., 127., 127., ..., 126., 126.,  80.],
       [ 80.,  80.,  15., ...,  94., 117., 117.],
       [117., 128., 128., ..., 127., 127., 127.]], dtype=float32), array([[195.,  54., 195., ...,  12.,  12.,  27.],
       [ 27.,  27.,  33., ...,  10.,   6.,   6.],
       [  6.,  16.,  16., ..., 139., 115., 139.]], dtype=float32), array([[119.,  71., 119., ..., 104., 104., 109.],
       [109., 109., 101., ..., 127., 125., 125.],
       [125.,  95.,  95., ..., 127., 127., 127.]], dtype=float32), array([[127., 127., 127., ..., 102., 102., 127.],
       [127., 127., 127., ..., 127., 127., 127.],
       [127., 127., 127., ..., 127., 127., 127.]], dtype=float32), array([[124.,  78., 124., ..., 104., 104., 104.],
       [104., 104., 107., ...,  98.,  97.,  97.],
       [ 97., 106., 106., ..., 114., 114., 114.]], dtype=float32)]
[[[229.  15. 229. ...  87.  87.  87.]
  [ 87.  87.  87. ...  99.  95.  95.]
  [ 95.  90.  90. ... 130.  83. 130.]]

 [[194.  35. 194. ...  93.  93.  91.]
  [ 91.  91.  89. ...  69.  71.  71.]
  [ 71.  76.  76. ... 111.  85. 111.]]

 [[218.  18. 218. ...  88.  88.  91.]
  [ 91.  91.  90. ...  94.  94.  94.]
  [ 94.  93.  93. ... 125.  78. 125.]]

 ...

 [[119.  71. 119. ... 104. 104. 109.]
  [109. 109. 101. ... 127. 125. 125.]
  [125.  95.  95. ... 127. 127. 127.]]

 [[127. 127. 127. ... 102. 102. 127.]
  [127. 127. 127. ... 127. 127. 127.]
  [127. 127. 127. ... 127. 127. 127.]]

 [[124.  78. 124. ... 104. 104. 104.]
  [104. 104. 107. ...  98.  97.  97.]
  [ 97. 106. 106. ... 114. 114. 114.]]]
[[2.]
 [2.]
 [2.]]
0 *************************
[[2.]
 [2.]
 [2.]]
1 *************************
[[2.]
 [2.]
 [2.]]
2 *************************
[[2.]
 [2.]
 [2.]]
3 *************************
[[2.]
 [8.]
 [2.]]
4 *************************
[[1.]
 [1.]
 [8.]]
5 *************************
[[2.]
 [2.]
 [8.]]
6 *************************
[[2.]
 [2.]
 [2.]]
7 *************************
[[2.]
 [2.]
 [2.]]
8 *************************
[[5.]
 [8.]
 [5.]]
9 *************************
[[5.]
 [2.]
 [8.]]
10 *************************
[[2.]
 [8.]
 [2.]]
11 *************************
[[8.]
 [8.]
 [2.]]
12 *************************
[[8.]
 [8.]
 [2.]]
13 *************************
[[8.]
 [5.]
 [2.]]
14 *************************
[[2.]
 [7.]
 [3.]]
15 *************************
[[5.]
 [5.]
 [7.]]
16 *************************
[[5.]
 [6.]
 [0.]]
17 *************************
[[2.]
 [5.]
 [8.]]
18 *************************
[[2.]
 [8.]
 [2.]]
19 *************************
[[6.]
 [8.]
 [2.]]
20 *************************
[[8.]
 [2.]
 [2.]]
21 *************************
[[0]
 [0]
 [0]
 ...
 [9]
 [9]
 [9]]
['train', 'train_labels']
