91.76
[[0.]
 [0.]
 [0.]
 ...
 [9.]
 [9.]
 [9.]]
[  0.   0.   0.   0.   0.   0.   0.   0.   0.   0.   0.   0.   0.   0.
   0.   0.   0.   0.   0.   0.   0.   0.   0.   0.   0.   0.   0.   0.
   0.   0.   0.   0.   0.   0.   0.   0.   0.   0.   0.   0.   0.   0.
   0.   0.   0.   0.   0.   0.   0.   0.   0.   9.  33.   9.   0.   0.
   0.   0.   0.   0.   0.   0.   0.   0.   0.   0.   0.   0.   0.   0.
  41. 177. 249. 178.  29.   0.   0.   0.   0.   0.   0.   0.   0.   0.
   0.   0.   0.   0.   0.  33. 198. 255. 240. 255. 107.   0.   0.   0.
   0.   0.   0.   0.   0.   0.   0.   0.   0.   1.  70. 199. 255. 255.
 197. 154. 253.  98.   0.   0.   0.   0.   0.   0.   0.   0.   0.   0.
   0.  45. 238. 255. 205. 224. 222.  83. 224. 128.   0.   0.   0.   0.
   0.   0.   0.   0.   0.   0.  25. 202. 255. 193.  40.  99.  54.   0.
 190. 197.  16.   0.   0.   0.   0.   0.   0.   0.   0.  20. 163. 246.
 152.  72.   0.   0.   0.   0. 184. 252.  74.   0.   0.   0.   0.   0.
   0.   0.   0.  97. 255. 118.   0.   1.   0.   0.   0.   0. 184. 255.
  82.   0.   0.   0.   0.   0.   0.   0.  20. 218. 216.  17.   0.   0.
   0.   0.   0.   0. 183. 255.  78.   0.   0.   0.   0.   0.   0.   0.
  67. 255. 138.   0.   0.   0.   0.   0.   0.  24. 215. 188.  22.   0.
   0.   0.   0.   0.   0.   0.  69. 247.  87.   0.   0.   0.   0.   0.
  31. 185. 212.  54.   0.   0.   0.   0.   0.   0.   0.   0.  71. 237.
  68.   0.   0.   0.   0.  94. 211. 177.  17.   0.   0.   0.   0.   0.
   0.   0.   0.   0.  69. 255. 170.  39.  39. 115. 183. 238. 185.  37.
   0.   0.   0.   0.   0.   0.   0.   0.   0.   0.  57. 245. 255. 229.
 233. 255. 216. 117.  13.   0.   0.   0.   0.   0.   0.   0.   0.   0.
   0.   0.   7. 114. 230. 255. 234. 137.  38.   0.   0.   0.   0.   0.
   0.   0.   0.   0.   0.   0.   0.   0.   0.   0.  26.  38.  27.   0.
   0.   0.   0.   0.   0.   0.   0.   0.   0.   0.   0.   0.   0.   0.
   0.   0.   0.   0.   0.   0.   0.   0.   0.   0.   0.   0.   0.   0.
   0.   0.   0.   0.   0.   0.   0.   0.   0.   0.   0.   0.   0.   0.
   0.   0.   0.   0.   0.   0.   0.   0.]
[0]
[array([[  0.,  37.,  79.,  79.,  79.,  79.,  79.,  79.,  79.,  79.,  79.,
         79.,  79.,  79.,  79.,  30.,   6.,  79.,  79.,  18.,   0., 118.,
        255., 255., 255., 255., 255., 255., 255., 255., 255., 255., 255.,
        255., 255., 250., 247., 255., 255.,  59.,   0., 118., 255., 255.,
        255., 255., 255., 255., 255., 255., 255., 255., 255., 255., 255.,
        255., 255., 255., 255.,  59.,   0., 118., 255., 255., 255., 255.,
        255., 255., 255., 255., 255., 255., 255., 255., 255., 255., 255.,
        255., 255.,  59.,   0., 118., 255., 255., 255., 255., 255., 255.,
        255., 255., 255., 255., 255., 255., 255., 255., 255., 255., 255.,
         59.,   0., 118., 255., 255., 255., 255., 255., 255., 255., 255.,
        255., 255., 255., 255., 255., 255., 255., 255., 255.,  59.,   0.,
        118., 255., 255., 255., 255., 255., 255., 255., 255., 255., 255.,
        255., 255., 255., 255., 255., 255., 255.,  59.,   0., 118., 255.,
        255., 255., 255., 255., 255., 255., 255., 255., 255., 255., 255.,
        255., 255., 255., 255., 255.,  59.,   0., 118., 255., 255., 255.,
        255., 255., 255., 255., 255., 255., 255., 255., 255., 255., 255.,
        255., 255., 255.,  59.,   0., 118., 255., 255., 255., 255., 255.,
        255., 255., 255., 255., 255., 255., 255., 255., 255., 255., 255.,
        255.,  59.,   0., 118., 255.,  80.,  64., 221., 255., 255., 255.,
        255., 255., 255., 255., 255., 255., 255., 255., 255., 255.,  59.,
          0., 118., 255., 254., 250., 255., 255., 255., 255., 255., 255.,
        255., 255., 255., 255., 255., 255., 255., 255.,  59.,   0.,  49.,
        166., 203., 255., 255., 255., 255., 255., 255., 255., 255., 255.,
        255., 255., 255., 255., 255., 255.,  59.,   0.,   0.,  61., 106.,
        168., 114., 233., 255., 255., 255., 255., 255., 255., 255., 255.,
        255., 255., 255., 255.,  59.,   0.,  61.,  41.,   0.,  85., 220.,
        250., 255., 255., 255., 255., 255., 255., 255., 255., 255., 255.,
        255., 255.,  59.,   0.,  20., 135., 149.,  30., 133., 241., 255.,
        255., 255., 255., 255., 255., 255., 255., 255., 255., 255., 255.,
         59.,   0.,  12.,  26., 121., 223., 185., 170., 255., 255., 255.,
        255., 255., 255., 255., 255., 255., 255., 255., 255.,  59.,   0.,
        118., 194., 181., 255., 217., 246., 255., 255., 187., 255., 255.,
        255., 255., 255., 255., 255., 255., 255.,  59.,   0., 118., 255.,
        255., 187.,  79., 228., 255., 255., 255., 255., 255., 255., 255.,
        255., 255., 255., 255., 255.,  59.,   0.,  77., 167., 167., 167.,
        167., 167., 167., 167., 167., 167., 167., 167., 167., 167., 167.,
        167., 167., 167.,  39.]], dtype=float32), array([[  0., 123., 123., 123., 123., 123., 123., 123., 123., 123., 123.,
        123., 123., 123., 123., 123., 123., 123., 123.,  61.,   0., 255.,
        255., 255., 255., 255., 255., 255., 222., 255., 255., 232., 255.,
        255., 255., 255., 255., 255., 255.,  94.,   0., 255., 255., 255.,
        255., 255., 255., 255., 255., 255., 255., 245., 255., 255., 255.,
        255., 255., 255., 255., 128.,   0., 255., 255., 255., 255., 255.,
        255., 255., 255., 255., 255., 255., 255., 255., 255., 255., 255.,
        255., 255., 128.,   0., 247., 255., 255., 255., 255., 255., 255.,
        255., 255., 255., 255., 255., 255., 255., 255., 255., 255., 255.,
        128.,   0., 197., 255., 255., 255., 255., 255., 255., 255., 255.,
        255., 255., 255., 255., 255., 255., 255., 255., 255., 128.,   0.,
        224., 224., 255., 255., 255., 255., 255., 255., 255., 255., 255.,
        255., 255., 255., 255., 255., 255., 255., 127.,   0.,  28.,  68.,
        255., 255., 255., 255., 255., 255., 255., 255., 255., 255., 255.,
        255., 255., 255., 255., 255., 128.,   0.,   7.,  99., 255., 255.,
        255., 255., 255., 255., 255., 255., 255., 255., 255., 255., 255.,
        255., 255., 255., 128.,   0.,   0.,  66., 222., 222., 255., 255.,
        255., 255., 255., 255., 255., 255., 255., 255., 255., 255., 255.,
        255., 128.,   0.,   0.,  45., 189., 255., 255., 255., 255., 255.,
        255., 255., 255., 255., 255., 255., 255., 255., 255., 255., 128.,
          0.,   0.,  22.,  83., 255., 255., 255., 255., 255., 255., 255.,
        255., 255., 255., 255., 255., 255., 255., 255., 127.,   0.,   0.,
          0., 128., 255., 255., 255., 255., 255., 255., 255., 255., 255.,
        255., 255., 255., 255., 255., 255., 128.,   0.,   0.,   0., 224.,
        255., 255., 255., 255., 255., 255., 255., 255., 255., 255., 255.,
        255., 255., 255., 255., 128.,   0.,   0., 182., 255., 255., 255.,
        255., 255., 255., 255., 255., 255., 255., 255., 255., 255., 255.,
        255., 255., 128.,   0.,   0., 202., 255., 255., 255., 255., 255.,
        255., 255., 255., 255., 255., 255., 255., 255., 189., 255., 255.,
        128.,   0.,  15., 209., 255., 255., 255., 255., 255., 255., 255.,
        255., 255., 255., 255., 255., 255., 255., 255., 255., 127.,   0.,
        204., 255., 255., 255., 255., 255., 255., 255., 255., 255., 255.,
        255., 255., 255., 255., 255., 255., 255., 128.,   0., 255., 255.,
        255., 255., 255., 255., 255., 255., 255., 255., 255., 255., 255.,
        255., 222., 255., 255., 255., 127.,   0., 189., 189.,  56., 123.,
        189., 189., 156., 189., 189., 189., 189., 189., 189., 189., 189.,
        189., 189., 189.,  94.]], dtype=float32), array([[  0.,  42.,  59.,  59.,  59.,  59.,  59.,  59.,  59.,  59.,  59.,
         59.,  59.,  59.,  59.,  59.,  59.,  59.,   4.,   0.,   0., 181.,
        255., 255., 255., 255., 255., 255., 255., 255., 255., 255., 255.,
        255., 255., 255., 255., 255., 218.,  77.,   0., 181., 255., 255.,
        255., 255., 255., 255., 255., 255., 255., 255., 255., 255., 255.,
        255., 255., 255., 255.,  90.,   0., 181., 255., 255., 255., 255.,
        255., 255., 255., 255., 255., 255., 255., 255., 255., 255., 246.,
        216., 252.,  90.,   0., 118., 255., 255., 255., 255., 255., 255.,
        255., 255., 255., 255., 255., 255., 255., 255., 220.,  98., 245.,
         90.,   0., 143., 255., 255., 255., 255., 255., 255., 255., 255.,
        255., 255., 255., 255., 255., 255., 255., 255., 255.,  90.,   0.,
         80., 255., 255., 255., 255., 255., 255., 255., 255., 255., 255.,
        255., 255., 255., 255., 255., 255., 255.,  90.,   0.,  16., 255.,
        255., 255., 255., 255., 255., 255., 255., 255., 255., 255., 255.,
        255., 255., 255., 255., 255.,  90.,   0.,   8., 118., 135., 255.,
        255., 255., 255., 255., 255., 255., 255., 255., 255., 255., 255.,
        255., 255., 255.,  90.,   0.,   0.,   0.,  96., 255., 255., 255.,
        255., 255., 255., 255., 255., 255., 255., 255., 255., 255., 255.,
        255.,  90.,   0.,   0.,   0., 197., 255., 255., 255., 255., 255.,
        255., 255., 255., 255., 255., 255., 255., 255., 255., 255.,  90.,
          0.,   0.,   0.,  43., 137., 236., 255., 255., 255., 255., 255.,
        255., 255., 255., 255., 255., 255., 255., 255.,  90.,   0.,   0.,
          0.,   0.,   0., 214., 255., 255., 255., 255., 255., 255., 255.,
        255., 255., 255., 255., 255., 255.,  90.,   0.,   0.,   0.,   0.,
          0., 214., 255., 255., 255., 255., 255., 255., 255., 255., 255.,
        255., 255., 255., 255.,  90.,   0.,   0.,   0.,   0.,  95., 246.,
        255., 255., 255., 255., 255., 255., 255., 255., 255., 255., 255.,
        255., 255.,  90.,   0.,   0.,  25.,  13.,   0., 214., 255., 255.,
        255., 255., 255., 255., 255., 255., 255., 255., 255., 255., 255.,
         90.,   0.,  89., 171.,  31., 104., 245., 182., 104., 255., 255.,
        255., 255., 255., 255., 255., 255., 255., 255., 255.,  90.,   0.,
        114.,   0.,  73., 215., 240.,  80., 109., 225., 255., 255., 255.,
        255., 255., 255., 255., 255., 255., 255.,  90.,   0.,  91.,  39.,
         49.,  20., 217., 244.,  86.,  96., 252., 255., 255., 255., 255.,
        255., 255., 255., 255., 255.,  90.,   0., 111., 157.,  73.,  47.,
        128.,  59.,   6.,  96., 157., 157., 157., 157., 157., 157., 157.,
        157., 157., 157.,  56.]], dtype=float32), array([[  0.,  73., 140., 140., 140., 140., 140., 106.,  77.,  68., 140.,
        140.,  94.,  26., 111.,  26.,  26.,   1.,   0.,   0.,   0.,  16.,
        167., 255., 255., 255., 255., 255., 255., 255., 255., 255., 255.,
        255., 255., 232.,  82.,   1.,   0.,   0.,   0.,   0.,   4., 154.,
        246., 255., 255., 255., 255., 255., 255., 255., 255., 255., 198.,
        252., 249.,  94.,   0.,   0.,   0.,   0.,   0.,  17., 142., 247.,
        255., 255., 255., 255., 255., 255., 255., 255.,  60.,  88., 152.,
         71., 131.,  42.,   0.,   0.,   1.,  31.,  72., 221., 255., 255.,
        255., 255., 255., 255., 255., 140., 184., 108., 244., 136., 168.,
         51.,   0.,   0.,   6., 175., 237., 255., 255., 255., 255., 255.,
        255., 255., 255., 255., 152., 117., 140., 144., 158.,  41.,   0.,
          0.,   0.,   0.,  73., 183., 255., 255., 255., 255., 255., 255.,
        255., 255., 255., 255., 255., 251., 183.,  32.,   0.,   0.,   0.,
          0.,   0., 100., 217., 255., 255., 255., 255., 255., 255., 255.,
        255., 255., 255., 255., 255.,  66.,   0.,   0.,   0.,   0.,   0.,
         10., 177., 255., 255., 255., 255., 255., 255., 255., 255., 255.,
        255., 230., 168.,  51.,   0.,   0.,   0.,   0.,   0.,   2., 104.,
        255., 255., 255., 255., 255., 255., 255., 255., 255., 255., 255.,
        255.,  66.,   0.,   0.,   0.,   0.,   0.,   2., 104., 255., 255.,
        255., 255., 255., 255., 255., 255., 255., 255., 242., 225.,  66.,
          0.,   0.,   0.,   0.,   0.,   2.,  62., 208., 255., 255., 255.,
        255., 255., 255., 255., 255., 255., 255., 227.,  51.,   0.,   0.,
         36.,  17.,  25.,  97., 255., 255., 255., 255., 255., 255., 255.,
        255., 213., 255., 255., 255., 255.,  66.,   0.,   0.,  49.,  73.,
        246., 253., 255., 255., 255., 255., 255., 255., 225., 230., 255.,
        255., 255., 255., 255.,  66.,   0.,   0.,  80., 152., 204., 255.,
        255., 255., 255., 255., 255., 247., 117.,  65., 201., 255., 255.,
        255., 255.,  66.,   0., 125., 252., 255., 255., 255., 255., 255.,
        255., 255., 255., 236., 180., 218., 254., 255., 255., 255., 255.,
         66.,   0., 132., 255., 255., 255., 255., 255., 255., 255., 255.,
        255., 158.,  91., 113., 247., 255., 255., 255., 237.,  56.,   0.,
        132., 255., 255., 255., 255., 255., 255., 255., 255., 255., 141.,
         34.,  52., 110., 255., 255., 255., 132.,   0.,   0., 132., 255.,
        255., 255., 255., 255., 255., 255., 255., 219., 182.,  53.,   0.,
         10., 103., 229., 235.,  86.,   0.,   0., 103., 198., 198., 166.,
        145., 198., 198., 198., 176., 104.,  83.,  49.,   0.,  42.,   0.,
         58., 150.,   0.,   0.]], dtype=float32), array([[ 56., 187., 187., 176., 134., 170., 187., 121., 108., 144., 181.,
        171., 109., 177., 174., 180.,  40.,  49.,  71.,  78.,  76., 255.,
        255., 255., 255., 255., 255., 172.,  95., 246., 204., 191., 255.,
        255., 255., 255., 143.,  91., 202., 166.,  70., 254., 255., 255.,
        255., 255., 255., 255., 237., 251., 169., 178., 255., 255., 255.,
        255., 216., 231., 255., 146.,   0., 112., 247., 255., 255., 255.,
        255., 255., 255., 255., 255., 255., 231., 231., 253., 231., 186.,
        200., 243., 100.,   0.,   0., 163., 246., 255., 255., 255., 255.,
        255., 255., 255., 255., 255., 239., 247., 199., 197., 189., 150.,
        122.,   0.,   0.,  57., 252., 255., 255., 255., 255., 255., 255.,
        255., 255., 255., 250., 255., 247., 242., 217., 184., 100.,   0.,
          0.,   0.,  79., 242., 255., 255., 255., 255., 255., 255., 255.,
        255., 255., 255., 255., 255., 255., 255., 166.,   0.,   0.,  39.,
         67., 233., 255., 255., 255., 255., 255., 255., 255., 255., 255.,
        255., 255., 255., 255., 255., 166.,   0.,   0.,  23., 234., 255.,
        255., 255., 255., 255., 255., 255., 255., 255., 255., 255., 255.,
        255., 255., 255., 166.,   0.,   0.,   0., 113., 244., 255., 255.,
        255., 255., 255., 255., 255., 255., 255., 255., 255., 255., 255.,
        255., 166.,   0.,   0.,   0.,  29., 244., 255., 255., 255., 255.,
        255., 255., 255., 255., 255., 255., 255., 255., 255., 255., 166.,
          0.,   0.,   7.,  83., 248., 255., 255., 255., 255., 255., 255.,
        255., 255., 255., 255., 255., 255., 255., 255., 166.,   0.,   0.,
          0.,  18., 120., 236., 255., 255., 255., 255., 255., 255., 255.,
        255., 255., 255., 255., 255., 255., 166.,   0.,   0.,   0.,   0.,
         34., 191., 255., 255., 255., 255., 255., 255., 255., 255., 255.,
        255., 255., 255., 255., 166.,   0.,   0.,   0.,   0.,   0.,  21.,
        171., 254., 255., 255., 255., 255., 255., 255., 255., 255., 255.,
        255., 243., 166.,   0.,   0.,   0.,   0.,   0.,   0.,  55., 230.,
        255., 255., 255., 255., 255., 255., 255., 255., 255., 255., 243.,
        166.,   0.,   0.,   0.,   0.,   6.,  18.,   0.,  35., 179., 255.,
        255., 255., 255., 255., 255., 255., 255., 255., 255., 166.,   0.,
          0.,   0.,   0.,   0.,   0.,  69.,  14.,  79., 172., 255., 255.,
        255., 255., 255., 255., 255., 255., 255., 166.,   0.,   0.,   0.,
          0.,   0.,   0.,   0.,   0.,   0., 201., 255., 255., 255., 255.,
        255., 255., 255., 255., 255., 166.,   0.,   0.,   0.,   0.,   0.,
          0.,   0.,   0.,   0.,  51., 221., 219., 212., 221., 221., 221.,
        221., 218., 201., 144.]], dtype=float32), array([[  0.,   0.,   0.,   0.,   0.,  17., 103., 186., 208., 225., 225.,
        225., 225., 225., 225., 186., 165., 135.,  66.,   4.,   0.,   0.,
          0.,   0.,  64., 124., 236., 255., 255., 255., 255., 255., 255.,
        255., 255., 255., 255., 251., 199.,  47.,   0.,  94.,  28.,  17.,
        107., 255., 255., 255., 255., 255., 255., 255., 255., 255., 255.,
        255., 255., 255., 146.,   0.,   0., 146., 156.,  77., 167., 255.,
        255., 255., 255., 255., 255., 255., 255., 255., 255., 255., 255.,
        255., 146.,   0.,   0.,  34., 219., 221., 255., 255., 255., 255.,
        255., 255., 255., 255., 255., 255., 255., 255., 255., 255., 146.,
          0.,   0.,   0., 133., 255., 255., 255., 255., 255., 255., 255.,
        255., 255., 255., 255., 255., 255., 255., 255., 146.,   0.,   0.,
          9.,  49., 255., 255., 255., 255., 255., 255., 255., 255., 255.,
        255., 255., 255., 255., 255., 246., 111.,   0.,   0.,  94., 212.,
        221., 255., 255., 255., 255., 255., 255., 255., 255., 255., 255.,
        255., 255., 255., 234.,  60.,   0.,   0.,   0., 107., 238., 255.,
        255., 255., 255., 255., 255., 255., 255., 255., 255., 255., 255.,
        255., 219.,   0.,   0.,   0., 120., 249., 255., 255., 255., 255.,
        255., 255., 255., 255., 255., 255., 255., 255., 255., 255., 219.,
          0.,   0.,   0., 146., 255., 255., 255., 255., 255., 255., 255.,
        255., 255., 255., 255., 255., 255., 255., 255.,  79.,   0.,   0.,
          0., 146., 255., 255., 255., 255., 255., 255., 255., 255., 255.,
        255., 255., 255., 255., 238., 144.,  15.,   0.,   0.,   0., 146.,
        255., 255., 255., 255., 255., 255., 255., 255., 255., 255., 255.,
        255., 255., 186.,   6.,   0.,   0.,   0.,   0., 146., 255., 255.,
        255., 255., 255., 255., 255., 255., 255., 255., 255., 255., 255.,
        246.,  96.,   0.,   0.,   0.,   0., 146., 255., 255., 255., 255.,
        255., 255., 255., 255., 255., 255., 255., 255., 255., 182.,   0.,
          0.,   0.,   0.,   0., 146., 255., 255., 255., 255., 255., 255.,
        255., 255., 255., 255., 255., 255., 255., 225.,  64.,   0.,   0.,
          0.,   0., 137., 253., 255., 255., 255., 255., 255., 255., 255.,
        255., 255., 255., 255., 255., 182.,   0.,   0.,   0.,   0.,   0.,
         34., 227., 255., 255., 255., 255., 255., 255., 255., 255., 255.,
        255., 255., 255., 208.,  56.,   4.,   0.,   0.,   0., 129., 208.,
        255., 255., 255., 255., 255., 255., 255., 255., 255., 255., 255.,
        255., 255., 144.,   9.,   0.,   0.,   0., 129., 225., 199., 186.,
        225., 225., 225., 225., 225., 216., 195., 191., 152., 114.,  79.,
          6.,   0.,   0.,   0.]], dtype=float32), array([[  0.,   0.,   0.,   0.,   0., 104., 198., 198., 198., 189., 179.,
          9.,   0.,   0.,  76.,  38.,  38.,   0.,   0.,   0.,   0.,   0.,
          0.,   0.,  57., 236., 255., 255., 255., 198., 255., 179., 104.,
        151., 113.,  94., 123., 123., 142.,  66.,   0.,   0.,   0.,  47.,
        236., 255., 255., 255., 255., 255., 255., 255., 255., 227., 255.,
        255., 255., 255., 255., 170.,   0.,   0.,   0.,   0., 123., 255.,
        255., 255., 246., 246., 170., 208., 236.,   0.,  28.,  57.,  38.,
        132., 142.,  28.,   0.,   0.,   0.,   0.,  76., 246., 255., 255.,
        189., 189., 123.,  38.,  47.,  47.,  57.,   9.,   9.,  38.,  76.,
          0.,   0.,   0.,   0.,   0., 151., 246., 255., 255., 236., 179.,
         76.,   0.,   9.,  66.,  19.,   0.,   0.,   0.,   0.,   9.,   0.,
          0.,   0.,   9., 246., 255., 255., 255., 246., 179.,   9.,   0.,
         66., 151.,  85., 123.,  19.,   9.,   0.,   9.,   0.,   0.,   0.,
        113., 255., 255., 255., 255., 227., 227.,  66.,  76.,  57.,  19.,
        189., 123.,  38.,   0.,  19.,   9.,   0.,   0.,   0., 151., 255.,
        255., 255., 255., 255., 161., 170.,  57.,  66.,  19.,  38.,  28.,
          9.,  28.,  94.,  57.,   0.,   0.,   0., 170., 255., 255., 255.,
        255., 142., 161., 208., 179., 151., 170., 132.,  57.,   0.,  38.,
         57.,  19.,   0.,   0.,  47., 246., 255., 255., 255., 255., 142.,
        151., 179., 198., 113., 236.,  38.,   0.,   0.,  57., 151.,   0.,
          0.,   0., 104., 255., 255., 255., 246., 217., 217., 189., 170.,
        132., 255., 189.,   9.,   0.,   0.,   9.,  19.,  57.,   0., 123.,
        227., 255., 255., 255., 217., 142., 104., 123., 170., 132., 255.,
        246.,  57.,  57.,   0.,  57., 151.,  66.,  47., 255., 255., 255.,
        246., 255., 217.,  57.,  76.,  19.,  57., 161., 217., 189.,  76.,
         85.,  85., 189., 132.,  94.,  85., 255., 255., 236., 255., 255.,
        208., 151.,   9.,   0.,  38., 217., 255.,  94.,  66., 104., 198.,
        217., 170.,  47.,  85., 255., 255., 255., 227., 255., 208., 151.,
        208., 151., 151., 198., 217., 142., 179., 208., 104., 123., 132.,
         94., 132., 255., 255., 255., 255., 170.,  85.,  94., 104., 151.,
         76., 189., 151., 179., 198., 104., 113., 170., 255., 161., 123.,
        255., 255., 151., 132.,  19.,  28.,  38.,  47.,  76.,  19.,  85.,
         94., 113., 208., 113., 132., 208., 236., 151., 142., 255., 217.,
         28.,  57.,  38.,  85., 142.,  57.,  76.,   9.,  76., 161., 113.,
        151., 113.,   9.,  66., 151., 170., 113., 227.,  66.,   0.,   0.,
          0.,   0.,   0.,   0.,   9.,   0.,   0.,  19.,   9.,  47., 123.,
         19.,   0.,  66., 151.]], dtype=float32), array([[  0.,  96., 105., 105., 105., 105., 105., 105., 105., 105., 105.,
        105., 105., 105., 105., 105., 105., 105., 105.,  48.,   0., 178.,
        117., 255., 255., 255., 255., 255., 255., 255., 255., 255., 255.,
        255., 255., 255., 255., 255., 255., 117.,   0., 234., 247., 255.,
        255., 255., 255., 255., 255., 255., 255., 255., 255., 255., 255.,
        255., 255., 255., 249.,  83.,   0., 234., 255., 255., 249., 237.,
        255., 255., 255., 255., 255., 255., 255., 255., 255., 231., 145.,
        219., 255., 117.,   0., 194., 255., 198., 186., 243., 255., 255.,
        255., 255., 255., 255., 255., 255., 255., 255., 231., 246., 214.,
        117.,   0., 234., 170., 162., 190., 255., 255., 255., 255., 255.,
        255., 255., 255., 255., 255., 255., 255., 255., 255., 117.,   0.,
        234., 164., 240., 255., 255., 255., 255., 255., 255., 255., 255.,
        255., 255., 255., 255., 255., 255., 255., 117.,   0., 234., 242.,
        251., 255., 255., 255., 255., 255., 255., 255., 255., 255., 255.,
        255., 255., 255., 255., 255., 117.,   0., 234., 255., 255., 255.,
        255., 255., 255., 255., 255., 255., 255., 255., 255., 255., 255.,
        255., 255., 255., 117.,   0., 234., 255., 255., 255., 255., 255.,
        255., 255., 255., 255., 255., 255., 255., 255., 255., 255., 255.,
        255., 117.,   0., 234., 255., 255., 255., 255., 255., 255., 255.,
        255., 255., 255., 255., 255., 255., 255., 255., 255., 255., 117.,
          0., 234., 255., 255., 255., 255., 255., 255., 255., 255., 255.,
        255., 255., 255., 255., 255., 255., 255., 255., 117.,   0., 234.,
        255., 255., 255., 255., 255., 255., 255., 255., 255., 255., 255.,
        255., 255., 255., 255., 255., 255., 117.,   0., 234., 255., 255.,
        255., 255., 255., 255., 255., 255., 255., 255., 255., 255., 255.,
        255., 255., 255., 255., 117.,   0., 234., 255., 255., 255., 255.,
        255., 255., 255., 255., 255., 255., 255., 255., 255., 255., 255.,
        255., 255., 117.,   0., 234., 255., 255., 255., 255., 255., 255.,
        255., 255., 255., 255., 255., 255., 255., 255., 255., 255., 255.,
        117.,   0., 153., 255., 255., 255., 255., 255., 255., 255., 255.,
        255., 255., 255., 255., 255., 255., 255., 255., 255., 117.,   0.,
        234., 255., 255., 255., 255., 255., 255., 255., 255., 255., 255.,
        255., 255., 255., 255., 255., 255., 255., 117.,   0., 234., 255.,
        255., 255., 255., 255., 255., 255., 255., 255., 255., 255., 255.,
        255., 255., 255., 255., 255., 117.,   0., 165., 180., 180., 180.,
        180., 180., 180., 180., 180., 180., 180., 180., 180., 180., 180.,
        180., 180., 180.,  83.]], dtype=float32), array([[ 18., 161., 161., 161., 161., 161., 161., 161., 161., 161., 161.,
        161., 161., 161., 161., 161., 161., 161., 161.,  90.,  28., 255.,
        255., 255., 234., 255., 255., 255., 250., 241., 255., 255., 255.,
        255., 255., 255., 255., 255., 255., 142.,  21., 192., 192., 150.,
        150., 181., 181., 192., 176., 143., 192., 192., 192., 192., 192.,
        192., 192., 192., 192., 107.,  20., 178., 178., 178., 178., 178.,
        178., 178., 178., 159., 138., 178., 178., 178., 178., 178., 178.,
        178., 178.,  99.,  28., 255., 255., 255., 255., 255., 255., 255.,
        255., 243., 243., 255., 255., 255., 255., 255., 255., 255., 255.,
        142.,  28., 255., 244., 237., 255., 255., 255., 255., 255., 240.,
        255., 255., 255., 255., 255., 255., 255., 255., 255., 142.,  28.,
        255., 250., 185., 255., 255., 255., 255., 255., 249., 255., 255.,
        255., 255., 255., 255., 255., 255., 255., 142.,  28., 255., 255.,
        255., 255., 255., 255., 255., 255., 255., 255., 255., 255., 255.,
        255., 255., 255., 255., 255., 142.,  28., 255., 255., 255., 255.,
        255., 255., 234., 255., 255., 239., 229., 255., 255., 255., 255.,
        255., 255., 255., 142.,  28., 255., 255., 255., 255., 255., 255.,
        255., 255., 255., 255., 255., 255., 255., 255., 255., 245., 255.,
        255., 142.,  28., 255., 255., 255., 255., 255., 255., 255., 255.,
        255., 255., 255., 255., 255., 255., 234., 203., 255., 255., 142.,
         28., 255., 239., 229., 203., 203., 234., 193., 213., 255., 255.,
        255., 255., 255., 255., 255., 255., 255., 255., 142.,  28., 255.,
        255., 255., 255., 255., 255., 255., 255., 255., 255., 255., 255.,
        255., 255., 255., 255., 255., 255., 142.,  28., 255., 255., 255.,
        255., 255., 255., 255., 255., 255., 255., 255., 255., 255., 255.,
        255., 255., 255., 255., 142.,  28., 255., 255., 255., 255., 255.,
        255., 255., 255., 255., 255., 255., 255., 247., 247., 255., 255.,
        255., 255., 121.,  28., 255., 255., 255., 255., 255., 255., 255.,
        255., 255., 255., 255., 255., 252., 232., 255., 255., 255., 255.,
        142.,  28., 255., 255., 255., 255., 255., 255., 255., 255., 255.,
        255., 255., 255., 255., 167., 219., 255., 255., 255., 142.,  13.,
        187., 255., 255., 255., 255., 255., 255., 255., 255., 255., 255.,
        255., 255., 255., 255., 255., 255., 255., 142.,  23., 229., 224.,
        255., 255., 255., 255., 255., 255., 255., 255., 255., 255., 255.,
        255., 255., 255., 255., 255., 142.,  23., 208., 208., 208., 208.,
        208., 208., 208., 208., 208., 208., 208., 208., 208., 208., 208.,
        208., 208., 208., 116.]], dtype=float32), array([[  0.,   0.,   0.,   3.,  47.,  76., 134., 157., 191., 225., 238.,
        227., 224., 229., 238., 229., 219., 231., 238., 130., 140., 189.,
        179., 244., 253., 232., 198., 166., 122.,  72.,  22.,   4.,   0.,
          2.,  22.,  32.,  32., 212., 255., 185., 103., 174., 214.,  75.,
         21.,   0.,   0.,   0.,   0.,   0.,   0.,   0.,   0.,   0.,   0.,
          0.,   0., 198., 255., 186.,  79., 128., 188., 129., 118., 119.,
         55.,  63.,  49., 105.,  56.,  28.,  85.,  51.,  47.,  86., 119.,
        236., 255., 129.,   0.,   0.,   0.,   0.,   0.,   0.,   0.,   0.,
          0.,   0.,   0.,   0.,   0.,   0.,   0.,   0.,   0., 212., 255.,
        196.,   0.,   0.,   0.,   0.,   0.,   0.,   0.,   0.,   0.,   0.,
          0.,   0.,   0.,   0.,   0.,   0.,   1., 213., 255., 205.,   0.,
          0.,   0.,   0.,   0.,   0.,   0.,   0.,   0.,   0.,   0.,   0.,
          0.,   0.,   0.,   0.,  11., 247., 255., 166.,   0.,   0.,   0.,
          0.,   0.,   0.,   0.,   0.,   0.,   0.,   0.,   0.,   0.,   0.,
          0.,   0.,   3., 234., 255., 147.,   0.,   0.,   0.,   0.,   0.,
          0.,   0.,   0.,   0.,   0.,   0.,   0.,   0.,   0.,   0.,   0.,
          0., 219., 255., 173.,   0.,   0.,   0.,   0.,   0.,   0.,   0.,
          0.,   0.,   0.,   0.,   0.,   0.,   0.,   0.,   0.,  19., 250.,
        255., 162.,   0.,   0.,   0.,   0.,   0.,   0.,   0.,   0.,   0.,
          0.,   0.,   0.,   0.,   0.,   0.,   0.,  61., 255., 255., 107.,
          0.,   0.,   0.,   0.,   0.,   0.,   0.,   0.,   0.,   0.,   0.,
          0.,   0.,   0.,   0.,   0., 138., 255., 255.,  73.,   0.,   0.,
          0.,   0.,   0.,   0.,   0.,   0.,   0.,   0.,   0.,   0.,   0.,
          0.,   0.,   0., 127., 255., 255.,  46.,   0.,   0.,   0.,   0.,
          0.,   0.,   0.,   0.,   0.,   0.,   0.,   0.,   0.,   0.,   0.,
          0., 117., 255., 254.,  40.,   0.,   0.,   0.,   0.,   0.,   0.,
          0.,   0.,   0.,   0.,   0.,   0.,   0.,   0.,   0.,   0., 180.,
        255., 255.,  51.,   0.,   0.,   0.,   0.,   0.,   0.,   0.,   0.,
          0.,   0.,   0.,   0.,   0.,   0.,   0.,  54., 239., 255., 250.,
         23.,   0.,   0.,   0.,   0.,   0.,   0.,   0.,   0.,   0.,   0.,
          0.,   0.,   0.,   0.,   0.,   8., 177., 255., 253.,  28.,   0.,
          0.,   0.,   0.,   0.,   0.,   0.,   0.,   0.,   0.,   0.,   0.,
          0.,   0.,   0.,   2., 172., 255., 228.,  14.,   0.,   0.,   0.,
          0.,   0.,   0.,   0.,   0.,   0.,   0.,   0.,   0.,   0.,   3.,
         15.,  31., 241., 255., 175.,   0.,   0.,   0.,   0.,   0.,   0.,
          9.,  36.,  65.,  45.,  60.,  27.,  23.,  44., 110., 107., 191.,
        235., 236., 161.,   0.]], dtype=float32), array([[  0.,   0.,   1., 155., 232., 232., 225., 210., 211., 177., 166.,
        138., 149., 125., 121.,  49.,  27.,  12.,   0.,   0.,   0.,   0.,
         47., 255., 255., 157., 157.,  95., 120., 129., 158., 205., 240.,
        235., 255., 254., 255., 244., 179.,  55.,   0.,   0., 116., 255.,
        226.,   0.,   0.,   0.,   0.,   0.,   0.,   0.,  13.,   4.,  33.,
         37.,  71., 226., 255., 212.,   0.,   0., 156., 255., 167.,   0.,
          0.,   0.,   0.,   0.,   0.,   0.,   0.,   0.,   0.,   1.,  92.,
        232., 146.,  27.,   0.,   0., 175., 255., 100.,   0.,   0.,   0.,
          0.,   0.,   0.,   0.,   0.,   0.,   0.,  14.,  97.,  35.,   0.,
          0.,   0.,   5., 224., 255.,  71.,   0.,   0.,   0.,   0.,   0.,
          0.,   0.,   0.,   0.,   0.,   0.,   0.,   0.,   0.,   3.,  23.,
         89., 255., 254.,  25.,   0.,   0.,  16.,   2.,   6.,   3.,   0.,
         30.,   4.,  36.,  22.,  94.,  51.,  89.,  28.,  65., 160., 255.,
        192.,   7.,   0.,   0.,  10.,  10.,   9.,   3.,   0.,  72.,  27.,
         60.,  61., 114., 126., 138., 110., 181., 255., 255., 219., 171.,
        171., 156., 165., 168., 153., 142., 151.,  29.,   0.,   0.,   0.,
          0.,   0.,   0.,   0., 193., 255., 255., 173., 152., 138., 149.,
        137., 140., 143., 109.,  93.,   9.,   0.,   0.,   0.,   0.,   0.,
          0.,   0., 101., 255., 250.,  25.,   0.,   0.,   0.,   0.,   0.,
          0.,   0.,   0.,   0.,   0.,   0.,   0.,   0.,   0.,   0.,   0.,
        124., 255., 202.,   0.,   0.,   0.,   0.,   0.,   0.,   0.,   0.,
          0.,   0.,   0.,   0.,   0.,   0.,   0.,   0.,   0., 156., 255.,
        177.,   0.,   0.,   0.,   0.,   0.,   0.,   0.,   0.,   0.,   0.,
          0.,   0.,   0.,   0.,   0.,   0.,   0., 187., 255., 158.,   0.,
          0.,   0.,   0.,   0.,   0.,   0.,   0.,   0.,   0.,   0.,   0.,
          0.,   0.,   0.,   0.,   0., 195., 255., 110.,   0.,   0.,   0.,
          0.,   0.,   0.,   0.,   0.,   0.,   0.,   0.,   0.,   0.,   0.,
          0.,   0.,   0., 220., 255.,  52.,   0.,   0.,   0.,   0.,   0.,
          0.,   0.,   0.,   0.,   0.,   0.,   0.,   0.,   0.,   0.,   0.,
          0., 222., 255.,  56.,   0.,   0.,   0.,   0.,   0.,   0.,   0.,
          0.,   0.,   0.,   0.,   0.,   0.,   0.,   0.,   0.,   0., 222.,
        255.,  55.,   0.,   0.,   0.,   0.,   0.,   0.,   0.,   0.,   0.,
          0.,   0.,   0.,   0.,   0.,   0.,   0.,   0., 222., 255.,  55.,
          0.,   0.,   0.,   0.,   0.,   0.,   0.,   0.,   0.,   0.,   0.,
          0.,   0.,   0.,   0.,   0.,   0., 188., 197.,  15.,   0.,   0.,
          0.,   0.,   0.,   0.,   0.,   0.,   0.,   0.,   0.,   0.,   0.,
          0.,   0.,   0.,   0.]], dtype=float32), array([[  0.,   0.,  17.,   0.,   0.,   0.,  62., 101.,  87., 201., 198.,
        199., 202., 202., 202., 202., 202., 202., 202., 202.,   0.,   0.,
          1.,   3.,  15.,   0.,  35., 233., 118., 255., 255., 254., 255.,
        255., 255., 253., 249., 255., 243., 255.,   0.,   0.,   0.,  29.,
          6.,   0.,  93., 173., 109., 255., 255., 255., 255., 255., 249.,
        255., 253., 255., 255., 255.,   0.,   0.,   0.,  84.,   9.,   0.,
         95., 126.,  83., 255., 255., 255., 255., 255., 255., 255., 255.,
        255., 255., 249.,   0.,   0.,   0.,   4.,  21.,   0.,  22.,  81.,
         77., 241., 255., 255., 255., 255., 255., 255., 255., 255., 254.,
        251.,   3.,   0.,   0.,   9.,   9.,   9.,  23.,  96., 172., 223.,
        255., 255., 255., 255., 255., 255., 255., 255., 254., 207.,  21.,
          0.,   0.,   0.,  33., 105.,  73.,  62., 247., 252., 255., 255.,
        255., 255., 255., 255., 255., 255., 247., 131.,   0.,   0.,   0.,
          0.,  16., 152., 130., 100., 200., 247., 255., 255., 252., 255.,
        255., 255., 255., 255., 249., 115.,   3.,   0.,   0.,   0.,  18.,
        237., 131., 134., 249., 255., 255., 255., 237., 248., 255., 249.,
        255., 255., 242., 131.,   0.,   0.,   0.,   0.,  37., 240., 227.,
        225., 255., 249., 255., 255., 252., 253., 255., 255., 255., 255.,
        252., 225.,   0.,   0.,   0.,   0.,   9., 197., 183., 247., 255.,
        188., 229., 247., 255., 255., 255., 255., 255., 255., 252., 230.,
          0.,   0.,   0.,   0.,   3.,  81., 106., 249., 255., 202., 210.,
        125., 253., 242., 255., 252., 255., 255., 242., 254.,   0.,   0.,
          0.,   0.,   0.,  54.,  61., 214., 251., 196., 252., 184., 253.,
        247., 255., 237., 255., 255., 255., 255.,   0.,   0.,  12.,   0.,
          0.,   3.,  73., 226., 255., 249., 255., 240., 255., 255., 255.,
        255., 255., 255., 243., 255.,   0.,   0.,  34.,   5.,   2.,   6.,
        111., 251., 255., 255., 255., 249., 255., 255., 255., 255., 255.,
        255., 254., 255.,  14.,   1.,  40.,  39.,  47.,   6.,  93., 249.,
        255., 255., 255., 255., 255., 255., 255., 255., 255., 255., 255.,
        255., 132., 126., 169., 186., 170., 189., 225., 255., 255., 255.,
        255., 255., 255., 255., 255., 255., 255., 255., 255., 255., 119.,
        131., 125., 159., 185., 150., 197., 255., 199., 253., 255., 238.,
        255., 251., 247., 255., 255., 255., 255., 250.,   0.,   0.,   0.,
          0.,   9.,   9.,  51., 157., 114., 243., 223., 251., 255., 252.,
        167., 176., 176., 176., 176., 145.,   0.,   0.,   0.,   0.,   0.,
          0.,  53., 153., 141., 212., 218., 223., 229., 229., 149., 212.,
        215., 229., 229., 149.]], dtype=float32), array([[  0.,  56.,   0.,   0.,   0.,   4.,   5.,   0.,   0.,   0.,   0.,
          0.,  22.,   0.,  87., 174., 168.,  55., 175., 175.,   0., 114.,
          0.,   0.,   0.,   5.,   9.,   0.,   0.,   0.,   0.,  18.,   5.,
          2.,  97., 243., 240., 148., 255., 255.,   0., 114.,   0.,   0.,
          0.,   0.,   0.,   0.,   0.,   0.,   0.,   8.,   8.,   2., 152.,
        234., 253., 157., 255., 255.,   3., 123.,   0.,   0.,   0.,   0.,
          0.,   0.,   0.,   0.,   0.,   5.,  58.,  40., 162., 251., 245.,
        168., 250., 255.,   0., 129.,   0.,   0.,   0.,  21.,   0.,   0.,
          0.,   0.,   0.,   0.,  70.,  26., 167., 249., 232., 247., 255.,
        255.,  35., 149.,   0.,   0.,   0.,   7.,   0.,   0.,   0.,   0.,
          0.,   5.,  68.,  19., 231., 252., 196., 255., 255., 255.,  45.,
        170.,   0.,   0.,  15.,   8.,   6.,   0.,   0.,   0.,   0.,  68.,
        119., 156., 255., 246., 243., 235., 255., 255.,  27., 174.,   4.,
          0.,   4.,  18.,   0.,   0.,   0.,  18.,   3.,  64., 124., 242.,
        237., 255., 255., 254., 255., 255.,  13., 139.,   2.,   0.,  16.,
         31.,  10.,   0.,  18.,   8.,  29.,  87.,  89., 236., 252., 237.,
        255., 255., 255., 255., 126., 222., 176., 146., 219., 233., 222.,
        193., 214., 197., 249., 242., 249., 255., 255., 255., 255., 255.,
        255., 255., 216., 255., 232., 196., 214., 248., 216., 219., 207.,
        233., 215., 242., 248., 255., 255., 251., 232., 255., 252., 255.,
        127.,  47.,   4.,   0.,   7.,  37.,   2.,   6.,  13.,  18.,   0.,
         56.,  59., 219., 253., 231., 202., 255., 255., 255., 125.,   6.,
          0.,   0.,   0.,   1.,   0.,   0.,   0.,  13.,   0.,   4.,   0.,
        189., 255., 235., 243., 255., 255., 249.,  75.,   1.,   0.,   0.,
          0.,   0.,   0.,   0.,   0.,  25.,   0.,   0.,  42., 223., 249.,
        181., 255., 255., 255., 255.,  65.,   0.,   0.,   0.,   0.,   0.,
          0.,   0.,   0.,   0.,   0.,   1.,  28., 219., 255., 221., 255.,
        252., 255., 255.,  14.,  17.,   0.,   0.,   0.,   0.,   6.,   0.,
          0.,   0.,   0.,   4.,  53., 240., 252., 243., 255., 255., 255.,
        255.,  28.,   9.,   0.,   0.,   0.,   0.,   0.,   0.,   0.,   0.,
          0.,  58.,  99., 229., 229., 244., 255., 255., 255., 255.,   0.,
          0.,   0.,   0.,   0.,   0.,   1.,   0.,   0.,   0.,   0.,  20.,
        105., 231., 232., 240., 252., 255., 255., 255.,   0.,   0.,   0.,
          0.,   0.,   9.,  31.,   6.,   0.,   0.,   0.,  14., 108., 198.,
        250., 235., 255., 255., 255., 255.,   3.,   0.,   0.,   0.,   0.,
          0.,   0.,   3.,   0.,   0.,   0.,   4., 115., 187., 210., 200.,
        215., 215., 215., 215.]], dtype=float32), array([[  0.,   0.,   0.,   0.,   0.,   0.,   0.,   0.,   0.,   0.,   0.,
          0.,   0.,   0.,   0.,   0.,   0.,   0.,   0.,   0.,   0.,   0.,
          0.,   0.,  51.,   0.,   0.,   0.,   0.,   0.,   0.,   0.,   0.,
          0.,   0.,   0.,   0.,  46., 169., 201.,   0.,   0.,   0.,   0.,
          0.,   0.,   0.,   0.,   0.,   0.,   0.,   0.,   0.,   0.,   0.,
          0.,   0.,   0.,  79., 255.,   0.,   0.,   0.,   0.,   0.,   0.,
          0.,   0.,   0.,   0.,   0.,   0.,   0.,   0.,   0.,   0.,   0.,
          0., 160., 255.,   0.,   0.,   0.,   0.,   0.,   0.,   0.,   0.,
          0.,   0.,   0.,   0.,   0.,   0.,   0.,   0.,   0.,   0., 176.,
        255.,   0.,   0.,   0.,   0.,   0.,   0.,   0.,   0.,  66.,  71.,
          0.,   0.,   0.,   0.,   0.,   0.,   0.,  41., 251., 255.,   0.,
          0.,   0.,   0.,   0.,   0.,   0.,   0.,  30.,  36.,   0.,   0.,
          0.,   0.,   0.,   0.,   0., 131., 255., 255.,   0.,   0.,   0.,
         51.,   0.,   0.,   0.,   0.,   0.,   0.,   0.,   0.,   0.,   0.,
          0.,   0.,   0., 242., 255., 255.,   0.,   0.,   0.,   0.,   0.,
          0.,   0.,   0.,   0.,   0.,   0.,   0.,   0.,   0.,   0.,   0.,
          0., 242., 255., 255.,   0.,   0.,   0.,   0.,   0.,   0.,   0.,
          0.,   0.,   0.,   0.,   0.,   0.,   0.,   0.,   0.,  22., 246.,
        255., 255.,  11., 178.,  69.,  14.,  58.,   8.,  28.,  41., 147.,
         36., 125.,  19.,  45., 178., 178.,  30., 129., 255., 255., 255.,
         88., 255., 255., 195.,  84.,  43.,  58.,  61., 255., 128., 255.,
        205., 138., 255., 255., 221., 203., 255., 255., 255.,  88., 255.,
        255., 253., 234., 224., 156.,  74., 225., 245., 255., 249., 241.,
        255., 255., 255., 255., 255., 255., 255.,  88., 255., 255., 255.,
        255., 255., 255., 255., 255., 255., 255., 255., 255., 255., 255.,
        255., 255., 255., 255., 255.,  88., 255., 255., 255., 255., 255.,
        255., 255., 255., 255., 255., 255., 255., 255., 255., 255., 255.,
        255., 255., 255.,  88., 255., 255., 255., 255., 255., 255., 255.,
        255., 255., 255., 255., 255., 255., 255., 255., 255., 255., 255.,
        255.,  85., 252., 138., 154., 184., 213., 254., 253., 254., 224.,
        226., 255., 252., 255., 215., 133., 247., 252., 252., 255.,   0.,
         96.,   0.,   0.,   0.,  73., 226., 201., 217.,  48.,  75., 204.,
        113., 147., 111.,   0.,   0.,  91.,  99., 218.,   0.,   0.,   0.,
          0.,   0.,   5.,  41., 158., 121.,   0.,   0.,  24.,   6.,   0.,
          0.,   0.,   0.,   0.,  17., 168.,   0.,   0.,   0.,   0.,   0.,
          0.,   0.,   0.,   0.,   0.,   0.,   0.,   0.,   0.,   0.,   0.,
          0.,   0.,  31.,  68.]], dtype=float32), array([[  0.,   0.,   0.,   0.,   0.,   0.,   0.,   0.,  52., 133., 174.,
        209., 226., 226., 226., 226., 220., 162.,  87.,  10.,   0.,   0.,
          0.,   0.,   0.,   0.,   0.,  88., 255., 255., 255., 255., 255.,
        255., 255., 255., 255., 255., 255.,  51.,   0.,   0.,   0.,   0.,
          0.,   0.,  16.,  16., 169., 255., 255., 255., 255., 255., 255.,
        255., 255., 255., 253.,  49.,   0.,   0.,   0.,   0.,   0.,  35.,
        111.,  81., 190., 223., 241., 255., 255., 255., 255., 255., 255.,
        255., 204.,   0.,   0.,   0.,   0.,   0.,   0.,   0.,   0.,   0.,
          0.,   9., 199., 255., 255., 255., 255., 255., 255., 255., 169.,
          0.,   0.,   0.,   0.,   0.,   0.,   0.,  12.,  12.,   0.,   0.,
        220., 255., 255., 255., 255., 255., 255., 255., 102.,   0.,   0.,
          0.,   0.,   0.,   0.,   0.,  12.,  23.,  23.,  23., 232., 255.,
        255., 255., 255., 255., 255., 255., 102.,   0.,   0.,   0.,   0.,
          0.,   0.,   0.,   0.,   0.,  42., 128., 216., 255., 255., 255.,
        255., 255., 255., 255., 102.,   0.,   0.,   0.,   0.,   0.,   0.,
          0.,   0.,   0.,  63., 139., 199., 255., 255., 255., 255., 255.,
        255., 255., 102.,   0.,   0.,   0.,   0.,  12.,  12.,  58.,   0.,
          0., 104.,  12., 141., 255., 255., 255., 255., 255., 255., 255.,
        102.,   0.,   0.,   0.,   0.,  23.,  50.,  17.,  12.,   0.,  12.,
         35.,  95., 225., 255., 255., 255., 255., 255., 255., 123.,   0.,
          0.,   0.,   0.,   0., 112.,  48.,  14.,  12.,   0.,  23.,  85.,
         59., 248., 255., 255., 255., 255., 255., 169.,   0.,   0.,   0.,
         31.,  82.,   0.,  39.,  32.,  23.,  94.,  59.,   0.,  12., 153.,
        255., 255., 255., 255., 255., 212.,   8.,   7.,  23.,  38., 126.,
        116., 197.,  75.,  17.,  68.,  68.,  35.,  93., 190., 255., 255.,
        255., 255., 255., 238.,  34.,  45., 214., 249., 226., 238., 238.,
        249., 238., 255., 255., 255., 255., 255., 255., 255., 255., 255.,
        255., 255.,  74.,   0.,   0.,   0.,   0.,   0.,   0.,   0.,   0.,
         17.,  52.,   0.,  46., 232., 255., 255., 255., 255., 255., 255.,
         97.,   0.,   0.,   0.,   0.,   0.,   0.,   0.,   0.,   0.,   0.,
          0.,   0., 133., 252., 255., 255., 255., 255., 255.,  51.,   0.,
          0.,   0.,   0.,   0.,   0.,   0.,   0.,   0.,   0.,   0.,  23.,
         30., 206., 255., 255., 255., 255., 255.,  51.,   0.,   0.,   0.,
          0.,   0.,   0.,   0.,   0.,   0.,   0.,   0.,   0., 103., 254.,
        255., 255., 255., 255., 255.,  51.,   0.,   0.,   0.,   0.,   0.,
          0.,   0.,   0.,   0.,   0.,   0.,   0.,   6.,  82., 185., 220.,
        226., 214., 139.,  16.]], dtype=float32), array([[  0.,  55., 216., 189., 210., 206., 227., 227., 227., 227., 227.,
        227., 227., 200., 128.,  61.,   1.,   0.,   0.,   0.,   0.,  19.,
        134., 121.,  87., 144., 137., 115., 133., 144., 136., 135., 144.,
        163., 244., 255., 191.,  35.,   0.,   0.,   0.,   0.,   0.,   0.,
          0.,   0.,   0.,   0.,   0.,   0.,   0.,   0.,   0.,   0.,  31.,
        191., 255., 236.,  18.,   0.,   0.,   0.,   0.,   0.,   0.,   0.,
          0.,   0.,   0.,   0.,   0.,   0.,   0.,   0.,   0.,   8., 202.,
        255., 161.,   0.,   0.,   0.,   0.,   0.,   0.,   0.,   0.,   0.,
          0.,   0.,   0.,   0.,   0.,   0.,   0.,   0., 115., 255., 214.,
          0.,   0.,   0.,   0.,   0.,   0.,   0.,   0.,   0.,   0.,   0.,
          0.,   0.,   0.,   0.,   0.,   0.,  97., 255., 230.,   0.,   0.,
          0.,   0.,   0.,   0.,   0.,   0.,   0.,   0.,   0.,   0.,   0.,
          0.,   0.,   0.,   0., 100., 255., 220.,   0.,   0.,   0.,   0.,
          0.,   0.,   0.,   0.,   0.,   0.,   0.,   0.,   0.,   0.,   0.,
          0.,   0., 197., 255., 171.,   0.,   0.,   0.,   0.,   0.,   0.,
          0.,   0.,   0.,   0.,   0.,   0.,   0.,   0.,   0.,   0.,  84.,
        255., 252.,  57.,   0.,   0.,   0.,   4.,   0.,   0.,   0.,   0.,
          0.,   0.,   0.,   0.,   0.,   0.,   0.,  13., 234., 255., 165.,
          0.,   0.,  11.,  71., 118., 164., 164., 132.,  83.,  30.,   0.,
          0.,   0.,   0.,   0.,   4., 170., 255., 208.,  23.,   0.,   0.,
        192., 255., 251., 235., 239., 240., 255., 252., 234., 177.,  65.,
          0.,   6., 170., 255., 223.,  30.,   0.,   0.,   0., 218., 255.,
        126.,   0.,   0.,  10.,  87., 149., 217., 254., 253., 182., 208.,
        255., 221.,  28.,   0.,   0.,   0.,   0., 126., 254., 254., 148.,
         19.,   9.,   0.,   0.,   0., 132., 255., 255., 255., 221.,  33.,
          0.,   0.,   0.,   0.,   0.,  95., 227., 255., 255., 255., 255.,
        193., 201., 216., 250., 255., 254., 255., 254., 185.,  34.,   0.,
          0.,   0.,   0.,  70., 114.,  92., 103., 124., 151., 183., 178.,
        159., 119.,  63.,  29., 123., 245., 255., 224.,  19.,   0.,   0.,
          0.,   0.,   0.,   0.,   0.,   0.,   0.,   0.,   0.,   0.,   0.,
          0.,   0.,   0.,  38., 209., 255., 223.,  31.,   0.,   0.,   0.,
          0.,   0.,   0.,   0.,   0.,   0.,   0.,   0.,   0.,   0.,   0.,
          0.,   0.,   4., 182., 255., 233., 133.,   0.,   0.,   0.,   0.,
          0.,   0.,   0.,   0.,   0.,   0.,   0.,   0.,   0.,   0.,   0.,
          0.,  10., 124., 249., 254., 129.,   0.,   0.,  13.,  29.,   0.,
          0.,   0.,   0.,   0.,   0.,   0.,   0.,   0.,   0.,   0.,   0.,
          0.,  82., 216., 143.]], dtype=float32), array([[  0.,   0.,   0.,   0.,   0.,   0.,   0.,   0.,   0.,   0.,   0.,
         23., 167., 219., 219., 219., 219., 219., 199.,  88.,   0.,   0.,
          0.,   0.,   0.,   0.,   0.,   0.,   0.,   0.,   0.,  29., 220.,
        255., 255., 255., 255., 255., 248.,   0.,   0.,   0.,   0.,   0.,
          0.,   0.,   0.,   0.,   0.,   0.,   0.,  67., 245., 255., 255.,
        255., 255., 255., 248.,   0.,   0.,   0.,   0.,   0.,   0.,   0.,
          0.,   0.,   0.,   0., 111., 246., 255., 255., 255., 255., 255.,
        255., 211.,   0.,   0.,   0.,   0.,   0.,   0.,   0.,   0.,   0.,
          0.,  21., 210., 255., 255., 255., 255., 255., 255., 255., 230.,
          0.,   0.,   0.,   0.,   0.,   0.,   0.,   0.,   0.,  23., 201.,
        255., 255., 255., 255., 255., 255., 255., 254., 164.,   0.,   0.,
          0.,   0.,   0.,   0.,   0.,   0.,   0., 134., 255., 255., 255.,
        255., 255., 255., 255., 255., 219.,  17.,   0.,   0.,   0.,   0.,
          0.,   0.,  26.,  13.,  78., 235., 255., 255., 255., 255., 255.,
        255., 255., 255., 111.,   0.,   0.,   0.,  52.,   4.,   0.,   0.,
        102., 236., 255., 255., 255., 255., 255., 255., 255., 255., 255.,
        219.,  57.,   0.,   0.,   0.,   0.,   0.,   0.,   0.,   0., 216.,
        255., 255., 255., 255., 255., 255., 255., 255., 229.,  38.,   0.,
          0.,   0.,   0.,   0.,   0.,   0.,   0.,  20., 224., 255., 255.,
        255., 255., 255., 255., 255., 255., 127.,   0.,   0.,   0.,   0.,
          0.,   0.,   0.,   0.,   0., 121., 255., 255., 255., 255., 255.,
        255., 255., 241., 133.,  65.,  15.,   0.,   0.,   0.,   0.,   0.,
          0.,   0., 105., 253., 255., 255., 255., 255., 255., 255., 200.,
         24.,   0.,   0.,   0.,   0.,   0.,   0.,   0.,   0.,   0.,  25.,
        235., 255., 255., 255., 255., 255., 255., 255., 141.,   0.,   0.,
          0.,   0.,   0.,   0.,   0.,   0.,   0.,  28., 216., 255., 255.,
        255., 255., 255., 255., 255., 227.,  37.,   0.,   0.,   0.,   0.,
          0.,   0.,   0.,   0.,  63., 226., 255., 255., 255., 255., 255.,
        255., 255., 255., 203.,   0.,   0.,   0.,   0.,   0.,   0.,   0.,
          0.,   0., 152., 255., 255., 255., 255., 255., 255., 255., 255.,
        240.,  75.,   0.,   0.,   0.,   0.,   0.,   0.,   0.,   0.,  69.,
        252., 255., 255., 255., 255., 255., 255., 255., 255., 124.,   0.,
          0.,   0.,   0.,   0.,   0.,   0.,   0.,   0., 124., 255., 255.,
        255., 255., 255., 255., 255., 245., 109.,   1.,   0.,   0.,   0.,
          0.,   0.,   0.,   0.,   0.,   0.,  54., 162., 217., 219., 219.,
        219., 176., 117.,  24.,   0.,   0.,   0.,   0.,   0.,   0.,   0.,
          0.,   0.,   0.,   0.]], dtype=float32), array([[  0.,   0.,   3., 116., 183., 188., 221., 221., 198., 167.,  70.,
          0.,   0.,   0.,   0.,   0.,   0.,   0.,   0.,   0.,   0.,  51.,
        168., 255., 254., 219., 187., 230., 255., 255., 254., 177.,  31.,
          0.,   0.,   0.,   0.,   0.,   0.,   0., 169., 254., 246., 129.,
         19.,   0.,   0.,   1.,  14.,  72., 218., 255., 216.,  42.,   0.,
          0.,   0.,   0.,   0.,   0., 217., 211.,  44.,   0.,   0.,   0.,
          0.,   0.,   0.,   0.,   2., 133., 255., 217.,  13.,   0.,   0.,
          0.,   0.,   0.,  13.,  11.,   0.,   0.,   0.,   0.,   0.,   0.,
          0.,   0.,   0.,   1., 156., 255., 141.,   0.,   0.,   0.,   0.,
          0.,   0.,   0.,   0.,   0.,   0.,   0.,   0.,   0.,   0.,   0.,
          0.,   0.,  11., 229., 246.,  21.,   0.,   0.,   0.,   0.,   0.,
          0.,   0.,   0.,   0.,   0.,   0.,   0.,   0.,   0.,   0.,   0.,
          0., 140., 255.,  88.,   0.,   0.,   0.,   0.,   0.,   0.,   0.,
          0.,   0.,   0.,   0.,   0.,   0.,   0.,   0.,   0.,   0.,  66.,
        255., 137.,   0.,   0.,   0.,   0.,   0.,   0.,   0.,   0.,   0.,
          0.,   0.,   0.,   0.,   0.,   0.,   0.,   0.,  24., 255., 162.,
          0.,   0.,   0.,   0.,   0.,   0.,   0.,   0.,   0.,   0.,   0.,
          0.,   0.,   0.,   0.,   0.,   0.,  26., 255., 135.,   0.,   0.,
          0.,   0.,   0.,   0.,   0.,   0.,   0.,   0.,   0.,   0.,   0.,
          0.,   0.,   0.,   0.,  69., 255., 122.,   0.,   0.,   0.,   0.,
          0.,   0.,   0.,   0.,  13.,  64., 103., 145.,  97.,  37.,   0.,
          0.,   0., 131., 254.,  34.,   0.,   0.,   0.,   0.,   0.,   0.,
          0.,  45., 231., 255., 255., 255., 255., 251., 181.,  69.,  17.,
        223., 199.,   0.,   0.,   0.,   0.,   0.,   0.,   0.,   0., 182.,
        255., 154.,  22.,  48., 115., 215., 252., 255., 239., 255., 101.,
          0.,   0.,   0.,   0.,   0.,   0.,   0.,   0., 208., 255.,  39.,
          0.,   0.,   0.,   0.,  49., 200., 255., 255., 211.,  51.,   0.,
          0.,   0.,   0.,   0.,   0.,   0., 223., 255.,  64.,   0.,   0.,
          0.,   0.,   4., 193., 247., 183., 254., 254., 165.,  17.,   0.,
          0.,   0.,   0.,   0., 167., 255., 115.,   0.,   0.,   0.,   4.,
        163., 255., 105.,   0.,  74., 209., 255., 218.,  77.,   0.,   0.,
          0.,   0.,  66., 255., 252.,  94.,   1.,  25., 188., 255., 149.,
          1.,   0.,   0.,   8., 129., 253., 254., 166.,   0.,   0.,   0.,
          2., 147., 253., 255., 233., 246., 242., 165.,   7.,   0.,   0.,
          0.,   0.,   0.,  38., 175.,  79.,   0.,   0.,   0.,   0.,   0.,
         69., 134., 204., 191.,  20.,   0.,   0.,   0.,   0.,   0.,   0.,
          0.,   0.,   0.,   0.]], dtype=float32), array([[  0.,   0.,   0.,   0.,   0.,   0.,   0.,  97., 198., 211., 211.,
        211., 176., 167.,  46.,   0.,   0.,   0.,   0.,   0.,   0.,  14.,
         48.,  26.,  26.,  10.,   0.,  63., 255., 255., 255., 255., 255.,
        255., 189.,  59.,   0.,   0.,   0.,   0.,  79., 247., 255., 255.,
        255., 244., 237., 249., 255., 255., 255., 255., 255., 255., 255.,
        154.,  10.,   0.,   0.,   0., 131., 255., 255., 255., 255., 255.,
        255., 255., 255., 255., 255., 255., 255., 255., 255., 255.,  25.,
          0.,   0.,   0., 131., 255., 255., 255., 255., 255., 255., 255.,
        255., 255., 255., 255., 255., 255., 255., 255.,  25.,   0.,   0.,
          0.,  49., 255., 255., 255., 255., 255., 255., 255., 255., 255.,
        255., 255., 255., 255., 255., 255.,  63.,   0.,   0.,   0.,   5.,
        222., 255., 255., 255., 255., 255., 255., 255., 255., 255., 255.,
        255., 255., 255., 234.,  63.,   0.,   0.,   0.,   0.,  63., 247.,
        255., 255., 255., 255., 255., 255., 255., 255., 255., 255., 255.,
        255., 255.,  63.,   0.,   0.,   0.,   0.,  11., 243., 255., 255.,
        255., 255., 255., 255., 255., 255., 255., 255., 255., 255., 255.,
        128.,   0.,   0.,   0.,   0.,  10., 236., 255., 255., 255., 255.,
        255., 255., 255., 255., 255., 255., 255., 255., 255., 204.,  10.,
          0.,   0.,   0.,   0., 104., 255., 255., 255., 255., 255., 255.,
        255., 255., 255., 255., 255., 255., 255., 234.,  19.,   0.,   0.,
          0.,   4., 122., 255., 255., 255., 255., 255., 255., 255., 255.,
        255., 255., 255., 255., 255., 237.,  15.,   0.,   0.,   0.,  24.,
         59., 255., 255., 255., 255., 255., 255., 255., 255., 255., 255.,
        255., 255., 255., 255.,  70.,   0.,   0.,   0.,   0.,   5., 178.,
        255., 255., 255., 255., 255., 255., 255., 255., 255., 255., 255.,
        255., 255., 243.,  58.,   0.,   0.,   0.,  34., 179., 255., 255.,
        255., 255., 255., 255., 255., 255., 255., 255., 255., 255., 255.,
        255.,  94.,   0.,   0.,   0.,   0., 111., 255., 255., 255., 255.,
        255., 255., 255., 255., 255., 255., 255., 255., 255., 255., 137.,
          0.,   0.,   0.,   0.,   1., 103., 255., 255., 255., 255., 255.,
        255., 255., 255., 255., 255., 255., 255., 255., 169.,  15.,   0.,
          0.,   0.,   0.,  24., 224., 255., 255., 255., 255., 255., 255.,
        255., 255., 255., 255., 255., 255., 255., 131.,   0.,   0.,   0.,
          0.,   0.,  37., 255., 255., 255., 255., 255., 255., 255., 255.,
        255., 255., 255., 255., 231.,  61.,   0.,   0.,   0.,   0.,   0.,
         18., 152., 167., 177., 211., 199., 120.,  79.,  94., 161., 150.,
        123.,  82.,  21.,   0.]], dtype=float32), array([[ 82., 204., 204., 204., 204., 195., 123., 158., 195., 200., 193.,
        100., 100.,   7.,   0.,   0.,   0.,   0.,   0.,   0.,  57., 214.,
        250., 255., 255., 255., 247., 229., 235., 255., 255., 237., 185.,
         47.,   0.,   0.,   0.,   0.,   0.,   0.,   0.,  33.,  99., 248.,
        255., 255., 255., 247., 232., 255., 255., 244., 193., 186.,  54.,
         84., 107., 103.,  64.,  33.,   0.,   0.,   0., 145., 255., 255.,
        255., 255., 247., 255., 255., 253., 233., 204., 183., 249., 255.,
        220., 129.,  21.,   0.,   0.,   0.,  12., 108., 230., 255., 255.,
        255., 255., 255., 255., 255., 255., 255., 255., 248.,  72.,   0.,
          0.,   0.,   0.,   0.,  11.,  20., 198., 255., 255., 255., 236.,
        221., 237., 204., 233., 255., 255., 255., 220., 201., 138.,   0.,
          0.,   0.,   0.,   0.,  21., 241., 255., 255., 255., 242.,  85.,
          0.,   7., 142., 255., 255., 255., 255., 179.,   0.,   0.,   0.,
          0.,   0.,   5., 189., 255., 255., 255., 255., 241.,  95.,  99.,
        235., 255., 255., 255., 255., 179.,   0.,   0.,   0.,   0.,   0.,
          0.,  10., 203., 255., 255., 255., 255., 255., 255., 255., 231.,
        182., 194., 171., 163.,   0.,   0.,   0.,   0.,   0.,   0.,  14.,
        215., 255., 255., 255., 255., 255., 255., 255.,  95.,   0.,   0.,
          0.,  38.,   0.,   0.,   0.,   0.,   0.,   0.,   7., 138., 255.,
        255., 255., 255., 255., 255., 185.,   6.,   0.,   0.,   0.,   0.,
          0.,   0.,   0.,   0.,   0.,   0.,   0., 145., 255., 255., 255.,
        255., 255., 255.,  38.,   0.,   0.,   0.,   0.,   0.,   0.,   0.,
          0.,   0.,   0.,   0.,   0., 167., 255., 255., 255., 255., 255.,
         64.,   8.,   0.,   0.,   0.,   0.,   0.,   0.,   0.,   0.,   0.,
          0.,   0.,   0., 198., 255., 255., 255., 255., 255.,  88.,   0.,
          0.,   0.,   0.,   0.,   0.,   0.,   0.,   0.,   0.,   0.,   0.,
          7., 222., 255., 255., 255., 255., 242., 128.,  56.,   0.,   0.,
          0.,   0.,   0.,   0.,   0.,   0.,   0.,   0.,   0.,  10., 226.,
        255., 255., 255., 255., 255., 255., 141.,  27.,   0.,   0.,   0.,
          0.,  28.,  62.,  55.,   0.,   0.,   2., 161., 255., 255., 255.,
        255., 255., 255., 255., 253., 150.,  97., 122., 173., 118.,   8.,
         21.,  18.,   0.,   0.,   2., 124., 255., 255., 255., 255., 244.,
        150., 139., 150.,  96.,  99.,  77.,  76.,  61.,   0.,   0.,   0.,
          0.,   0.,   0., 110., 255., 255., 255., 247., 150.,   6.,   0.,
          0.,   0.,   0.,   0.,   0.,   0.,   0.,   0.,   0.,   0.,   0.,
          0.,  96., 225., 229., 210., 111.,  60.,  12.,   0.,   0.,   0.,
          0.,   0.,   0.,   0.]], dtype=float32), array([[  0.,   0.,   0.,  20., 111., 166., 215., 222., 222., 222., 222.,
        222., 218., 138.,  48.,   0.,   0.,   0.,   0.,   0.,   0.,   0.,
          1., 183., 255., 255., 184., 142., 137., 138., 142., 144., 219.,
        255., 254., 180.,  79.,   3.,   0.,   0.,   0.,   0.,   3., 235.,
        238.,  72.,   1.,   0.,   0.,   0.,   0.,   0.,   6.,  81., 176.,
        255., 255., 125.,   0.,   0.,   0.,   0.,   2., 113.,  80.,   0.,
          0.,   0.,   0.,   0.,   0.,   0.,   0.,   0.,   3., 215., 255.,
        248.,   9.,   0.,   0.,   0.,   0.,   0.,   0.,   0.,   0.,   0.,
          0.,   0.,   0.,   0.,  10.,  61., 160., 253., 245.,  98.,   0.,
          0.,   0.,   0.,   0.,   0.,   0.,   0.,   0.,   0.,   7.,  35.,
        121., 169., 240., 254., 230., 128.,  28.,   0.,   0.,   0.,   0.,
          0.,   0.,   0.,   0.,   0.,  20., 150., 237., 255., 255., 205.,
        125.,  43.,   0.,   0.,   0.,   0.,   0.,   0.,   7.,  44.,   0.,
          0.,   0.,   4., 135., 255., 255., 255., 153.,   9.,   0.,   0.,
          0.,   0.,   0.,   0.,   0.,   0.,   0.,   0.,   0.,   0.,   0.,
          0.,   3.,  89., 218., 255., 251., 174.,  57.,   0.,   0.,   0.,
          0.,   0.,   0.,   0.,   0.,   0.,   0.,   0.,   0.,   0.,   0.,
          0.,   8.,  97., 219., 255., 248., 115.,   9.,   0.,   0.,   0.,
          0.,   0.,   0.,   0.,   0.,   0.,   0.,   0.,   0.,   0.,   0.,
          0.,   0., 113., 215., 255., 232., 126.,   0.,   0.,   0.,   0.,
          0.,   0.,   0.,   0.,   0.,   0.,   0.,   0.,   0.,   0.,   0.,
          0.,  14., 121., 230., 255., 160.,  15.,   0.,   0.,   0.,   0.,
          0.,   0.,   0.,   0.,   0.,   0.,   0.,   0.,   0.,   0.,   0.,
          0.,  30., 201., 255., 178.,   5.,   0.,   0.,   0.,   0.,   0.,
          0.,   0.,   0.,   0.,   0.,   0.,   0.,   0.,   0.,   0.,   0.,
         25., 243., 255., 125.,   0.,   0.,   0.,   0.,   0.,   0.,   0.,
          0.,   0.,   0.,   0.,   0.,   0.,   0.,   0.,   0.,   0.,  77.,
        252., 242.,  33., 120., 112.,   7.,   0.,   0.,   0.,   0.,   0.,
          0.,   0.,   0.,   0.,   0.,   0.,   0.,   0.,   0., 213., 255.,
        145., 215., 255., 205.,  48.,   0.,   0.,   0.,   0.,   0.,   0.,
          0.,   0.,   0.,   0.,   0.,   0.,   0., 127., 255., 196.,  91.,
        196., 255., 255., 235., 186., 115.,  39.,  17.,   0.,   0.,   0.,
          0.,   0.,   0.,   7.,  69., 222., 255., 105.,   0.,   2.,  75.,
        142., 212., 255., 255., 255., 253., 221., 206., 169., 152., 187.,
        212., 246., 255., 243., 116.,   5.,   0.,   0.,   0.,   0.,   1.,
         33.,  56.,  84., 136., 163., 189., 222., 212., 177., 156., 149.,
         85.,  10.,   0.,   0.]], dtype=float32), array([[ 71., 169., 169., 160., 143., 110.,  91., 146.,  20.,  12.,   0.,
          0.,   0.,   0.,   0.,   0.,   0.,   0.,   0.,   0., 107., 255.,
        255., 235., 211., 237., 233., 177.,  64.,   0.,   0.,   0.,   0.,
          0.,   0.,   0.,   0.,   0.,   0.,   0., 107., 255., 255., 255.,
        255., 255., 241., 214.,  69.,   0.,   0.,  12.,   0.,   0.,   0.,
          0.,   0.,   0.,   0.,   0., 107., 255., 255., 255., 255., 246.,
        214.,  94.,  94.,   0.,  10.,   0.,  25.,   0.,   0.,   0.,   0.,
          0.,   0.,   0., 107., 255., 255., 255., 255., 255., 159.,  34.,
          0.,   0.,   2.,   0.,   0.,   0.,   0.,   0.,   0.,   0.,   0.,
          0.,  46., 229., 255., 255., 244., 248., 124.,  33.,  13.,   0.,
          0.,   0.,   0.,   0.,   9.,   0.,   0.,   0.,   0.,   0.,  23.,
        165., 255., 255., 238., 252.,  89.,  77.,  82.,   0.,  24.,   1.,
          0.,   0.,  16.,   0.,   0.,   0.,   0.,   0.,   0.,  71., 255.,
        255., 255., 223., 170., 178.,  81.,   0.,  12.,   1.,  12.,   0.,
          0.,   0.,   0.,   0.,   0.,   0.,   0.,  74., 253., 255., 231.,
        218., 238., 252.,  70.,   0.,   0.,   0.,   0.,   0.,   0.,   0.,
          0.,   0.,   0.,   0.,   0.,  47., 250., 255., 208., 179., 249.,
        218.,  30.,   0.,  12.,  13.,   0.,   0.,   0.,   2.,  10.,   0.,
          0.,  12.,   0.,   0., 236., 255., 255., 213., 235., 198.,  49.,
          3.,  15.,   0.,   0.,   0.,   0.,   0.,   0.,   0.,   0.,   0.,
          0.,  21., 174., 255., 255., 252., 193., 166.,  46.,  52.,  41.,
         10.,   0.,   0.,   0.,  12.,   0.,  25.,   0.,   0.,   0.,  85.,
        240., 255., 236., 177., 162., 126.,  88.,  16.,  86., 107.,   0.,
          0.,   0.,   0.,   0.,   0.,   0.,   0.,   0., 113., 254., 255.,
        243., 247., 199.,  78., 199.,  35.,  64.,  34.,  11.,   6.,   0.,
         29.,  35.,   0.,   0.,   0.,   0., 125., 255., 255., 255., 253.,
        167., 142., 146.,  45.,  32.,  63.,  12.,  46.,   3.,  38.,  47.,
          0.,   0.,   0.,   0., 144., 255., 255., 255., 219., 110., 157.,
        103.,  24.,   0.,  25.,   0.,   4.,  55.,  62.,  12.,   0.,   0.,
          0.,  44., 226., 255., 255., 255., 255., 245., 255., 218., 123.,
        135.,  58.,   5.,   4.,  65.,  78.,   0.,   0.,   0.,   0., 169.,
        255., 255., 255., 255., 255., 255., 255., 255., 255., 255., 255.,
        246., 243., 237., 240., 210., 162., 140., 112., 107., 255., 254.,
        254., 255., 228., 254., 255., 254., 255., 253., 255., 255., 255.,
        255., 255., 255., 254., 254., 181.,  89., 212., 129.,  34.,  87.,
         46., 124., 192.,  44.,  41.,   6.,  45.,  73.,  41.,  62., 138.,
        103.,  47.,  77.,  54.]], dtype=float32)]
[[[  0.  37.  79. ... 167. 167.  39.]]

 [[  0. 123. 123. ... 189. 189.  94.]]

 [[  0.  42.  59. ... 157. 157.  56.]]

 ...

 [[ 82. 204. 204. ...   0.   0.   0.]]

 [[  0.   0.   0. ...  10.   0.   0.]]

 [[ 71. 169. 169. ...  47.  77.  54.]]]
[[0.]]
0 *************************
[[0.]]
1 *************************
[[0.]]
2 *************************
[[8.]]
3 *************************
[[0.]]
4 *************************
[[0.]]
5 *************************
[[2.]]
6 *************************
[[0.]]
7 *************************
[[0.]]
8 *************************
[[1.]]
9 *************************
[[1.]]
10 *************************
[[8.]]
11 *************************
[[4.]]
12 *************************
[[2.]]
13 *************************
[[2.]]
14 *************************
[[2.]]
15 *************************
[[0.]]
16 *************************
[[2.]]
17 *************************
[[0.]]
18 *************************
[[8.]]
19 *************************
[[7.]]
20 *************************
[[0.]]
21 *************************
[[0]
 [0]
 [0]
 ...
 [9]
 [9]
 [9]]
['train', 'train_labels']
