[ 0.  0.  5. 13.  9.  1.  0.  0.  0.  0. 13. 15. 10. 15.  5.  0.  0.  3.
 15.  2.  0. 11.  8.  0.  0.  4. 12.  0.  0.  8.  8.  0.  0.  5.  8.  0.
  0.  9.  8.  0.  0.  4. 11.  0.  1. 12.  7.  0.  0.  2. 14.  5. 10. 12.
  0.  0.  0.  0.  6. 13. 10.  0.  0.  0.]
0.9636871508379888
              precision    recall  f1-score   support

           0       1.00      0.97      0.99        35
           1       0.97      1.00      0.99        36
           2       1.00      1.00      1.00        34
           3       1.00      0.84      0.91        37
           4       0.97      0.92      0.94        37
           5       0.93      1.00      0.96        37
           6       1.00      1.00      1.00        37
           7       1.00      1.00      1.00        36
           8       0.86      0.97      0.91        32
           9       0.92      0.95      0.93        37

    accuracy                           0.96       358
   macro avg       0.97      0.96      0.96       358
weighted avg       0.97      0.96      0.96       358

[array([[15.        ,  0.        , 15.        , 15.        , 15.        ,
        15.        ,  0.        ,  2.5       ,  0.        ,  8.        ,
         0.        ,  0.        ,  0.        ,  0.        ,  0.        ,
         0.        ,  0.        ,  5.        ,  4.45945946, 10.3125    ,
        11.42857143,  3.57142857,  8.4375    ,  3.21428571, 15.        ,
         0.        , 15.        ,  0.        ,  0.        ,  0.        ,
         0.        ,  0.        ,  0.        , 10.71428571,  0.        ,
         0.        ,  3.        ,  7.5       ,  0.        ,  0.        ,
         0.        , 12.85714286,  2.41935484,  6.81818182,  6.81818182,
         6.81818182, 12.27272727,  6.        , 15.        ,  0.        ,
        15.        ,  0.        ,  0.        ,  0.        ,  0.        ,
         0.        ,  0.        ,  0.        ,  0.        ,  0.        ,
         0.        ,  0.        ,  0.        ,  0.        ],
       [ 0.        ,  9.64285714,  0.        ,  0.        ,  0.        ,
         0.        , 15.        ,  0.        , 15.        ,  0.        ,
        15.        ,  0.        ,  6.        , 10.        , 10.71428571,
        15.        ,  2.30769231, 15.        ,  0.        ,  0.        ,
         0.        ,  0.        ,  0.        ,  0.        ,  0.        ,
         8.        ,  0.        , 10.        , 15.        , 15.        ,
        15.        , 15.        , 15.        ,  0.        , 15.        ,
        15.        , 15.        , 15.        ,  0.        , 15.        ,
         3.28125   , 15.        ,  0.        ,  0.        ,  0.        ,
         0.        ,  0.        ,  0.        ,  0.        ,  7.85714286,
         0.        , 10.        , 10.58823529,  7.94117647,  6.66666667,
         3.        , 15.        ,  4.5       , 15.        , 15.        ,
        15.        , 15.        , 15.        , 15.        ],
       [ 6.5       , 15.        ,  2.90322581, 10.        ,  8.33333333,
         3.        ,  0.        , 15.        ,  2.5       , 15.        ,
         1.40625   , 15.        , 15.        , 15.        , 15.        ,
        10.        , 15.        ,  0.        , 15.        , 15.        ,
        15.        , 15.        , 15.        , 15.        ,  6.5625    ,
        15.        ,  0.57692308, 15.        , 15.        ,  5.        ,
         0.        ,  7.5       ,  0.85714286, 15.        ,  0.85714286,
         4.28571429,  0.        ,  0.        ,  0.        ,  6.42857143,
        15.        ,  0.        , 15.        , 15.        , 15.        ,
        15.        , 15.        , 15.        ,  5.35714286, 15.        ,
         3.75      , 15.        , 15.        , 15.        , 15.        ,
        15.        ,  1.97368421, 15.        ,  3.48837209,  8.82352941,
         8.        ,  8.        , 11.78571429,  8.07692308]]), array([[15.        , 15.        , 15.        , 15.        ,  3.        ,
         0.        ,  0.        , 12.85714286,  5.625     , 10.3125    ,
         8.75      , 15.        , 15.        , 14.        , 14.28571429,
        11.42857143,  4.8       ,  5.19230769,  6.05769231, 15.        ,
        15.        , 15.        , 15.        , 15.        ,  8.86363636,
         0.        ,  0.        ,  0.        ,  0.        ,  0.        ,
         0.        ,  0.        ,  0.        ,  1.03448276,  0.53571429,
         2.5       ,  0.        ,  3.        , 15.        , 15.        ,
        15.        , 15.        , 15.        , 15.        , 15.        ,
         0.        ,  6.        , 15.        , 15.        , 15.        ,
        15.        ,  0.        ,  0.        ,  0.        ,  0.        ,
         0.        ,  0.        ,  0.44117647,  0.        , 10.        ,
         8.33333333, 15.        , 15.        , 12.        ],
       [14.11764706, 13.125     , 13.125     , 13.125     ,  0.        ,
        15.        , 15.        , 15.        , 15.        , 15.        ,
        15.        ,  0.        ,  0.        ,  0.        ,  0.        ,
         0.        ,  0.        ,  0.        ,  0.        ,  0.68181818,
        11.59090909, 11.08695652, 11.08695652, 14.34782609, 15.        ,
        15.        , 15.        , 15.        ,  9.375     , 15.        ,
        15.        , 15.        , 15.        , 15.        , 15.        ,
        15.        , 15.        , 15.        ,  0.        ,  0.        ,
         0.        ,  0.        ,  0.        ,  0.        , 10.        ,
        15.        , 15.        ,  0.        ,  0.        ,  0.        ,
         0.        , 11.25      , 15.        , 15.        , 15.        ,
        15.        , 15.        , 15.        , 15.        ,  0.        ,
         0.        ,  0.        ,  0.        ,  0.        ],
       [ 0.        ,  0.        ,  0.        ,  0.        , 15.        ,
        12.        ,  0.        ,  0.        ,  0.        ,  0.        ,
         0.        ,  8.4375    ,  9.64285714, 15.        , 15.        ,
        15.        , 15.        , 15.        , 15.        ,  0.        ,
         0.        ,  0.        ,  0.        ,  0.        ,  0.        ,
         8.33333333, 12.5       , 12.        , 15.        , 15.        ,
        15.        , 10.        ,  2.57142857,  0.        ,  0.        ,
         0.        ,  3.75      ,  0.        , 13.5       , 11.25      ,
        11.25      ,  9.375     ,  9.375     , 12.1875    ,  0.        ,
         5.        ,  0.        ,  0.        ,  0.        ,  8.33333333,
         3.        , 15.        ,  5.        ,  5.        , 12.5       ,
        13.75      ,  3.66666667,  0.        ,  1.36363636, 15.        ,
        15.        , 15.        , 15.        , 15.        ]]), array([[15.        ,  1.25      , 15.        ,  9.23076923, 11.53846154,
         9.23076923,  8.68421053, 15.        ,  4.09090909, 11.47058824,
         4.2       ,  7.5       ,  7.5       ,  9.375     , 11.66666667,
        15.        ,  3.21428571,  8.25      ,  4.71428571,  8.86363636,
         5.29411765,  8.82352941, 15.        ,  9.        , 15.        ,
         0.        , 15.        , 15.        , 15.        , 15.        ,
         6.        ,  5.45454545,  1.5       ,  9.        ,  1.60714286,
         5.625     ,  5.625     ,  8.75      , 15.        ,  3.75      ,
         0.        , 10.3125    ,  8.70967742, 10.8       , 10.        ,
        10.        , 15.        , 11.78571429, 15.        , 15.        ,
        15.        ,  0.        ,  0.        ,  0.        ,  0.        ,
         0.        ,  0.        ,  0.        ,  0.        ,  0.        ,
         0.        ,  0.        ,  0.        , 15.        ],
       [ 0.        , 15.        , 13.92857143, 15.        , 15.        ,
        15.        , 15.        , 13.75      , 15.        , 15.        ,
        15.        , 15.        , 15.        , 15.        ,  0.        ,
         0.        ,  0.        ,  0.        ,  0.        ,  0.        ,
         0.        ,  0.        ,  0.        ,  0.        ,  0.        ,
        15.        ,  0.        ,  0.        , 12.5       , 12.5       ,
        15.        , 15.        , 15.        , 15.        , 15.        ,
        15.        , 15.        , 15.        ,  0.        , 15.        ,
         2.25      ,  0.        ,  0.        ,  0.        ,  0.        ,
         0.        ,  0.        ,  0.        ,  0.        ,  0.        ,
         0.        ,  5.        , 15.        , 15.        , 15.        ,
        15.        , 15.        , 15.        , 15.        , 15.        ,
        15.        , 15.        , 11.25      , 15.        ],
       [ 0.        ,  0.        ,  0.        ,  0.        ,  0.        ,
         0.        ,  0.        ,  0.        ,  0.        ,  0.        ,
         0.        ,  0.        ,  0.        ,  0.        , 15.        ,
        15.        , 15.        , 15.        , 15.        , 15.        ,
        15.        , 15.        , 10.58823529, 15.        ,  7.5       ,
         9.        ,  1.15384615,  5.        ,  0.        ,  0.        ,
         0.        ,  0.        ,  0.        ,  0.        ,  0.        ,
         0.        ,  0.        ,  0.        ,  5.        ,  0.        ,
        15.        , 15.        , 15.        , 15.        , 15.        ,
        15.        , 13.42105263, 15.        ,  6.5625    , 13.23529412,
         4.8       , 15.        , 11.25      ,  7.5       ,  5.        ,
        15.        ,  2.76315789,  5.4       ,  3.        ,  4.61538462,
         3.75      ,  1.875     , 15.        ,  0.        ]]), array([[15.        , 15.        , 15.        ,  4.28571429,  3.46153846,
         3.21428571,  0.        ,  0.        ,  0.        ,  5.625     ,
         2.09302326,  3.6       ,  3.        ,  6.66666667, 10.        ,
        10.22727273,  0.        , 15.        ,  5.76923077, 15.        ,
        15.        , 15.        , 15.        , 15.        , 15.        ,
        15.        , 15.        , 15.        , 15.        , 15.        ,
         0.        ,  0.        ,  0.        ,  0.        ,  0.        ,
         0.        ,  2.04545455,  1.42857143,  0.        ,  7.        ,
         0.        , 15.        , 11.53846154, 15.        , 15.        ,
        15.        , 15.        , 15.        , 15.        , 15.        ,
        15.        , 15.        , 15.        , 15.        ,  0.        ,
         1.25      ,  0.        ,  0.        ,  0.        ,  0.        ,
         0.        ,  0.        ,  0.6       ,  3.        ],
       [ 1.46341463,  8.33333333,  5.        , 15.        , 15.        ,
        15.        , 15.        , 15.        , 15.        , 15.        ,
        15.        , 15.        , 15.        , 15.        , 15.        ,
        15.        ,  4.2       ,  0.        ,  0.        ,  0.        ,
         0.        ,  0.        ,  0.        ,  0.        ,  0.        ,
         0.57692308,  3.81355932,  9.375     ,  0.        ,  0.        ,
        15.        , 11.25      , 15.        , 13.5       , 15.        ,
        15.        , 15.        , 15.        , 15.        , 15.        ,
        12.        ,  4.09090909,  0.        ,  0.        ,  0.        ,
         0.        ,  0.        ,  0.        ,  0.        ,  0.        ,
         0.        ,  0.        ,  0.        ,  0.        ,  8.57142857,
         0.        , 15.        , 11.25      , 15.        , 14.21052632,
        13.75      ,  8.68421053,  0.        ,  0.        ],
       [ 0.        ,  0.        ,  0.        ,  0.        ,  0.        ,
         0.        ,  2.04545455, 12.35294118,  3.88888889,  0.        ,
         0.        ,  0.        ,  0.        ,  0.        ,  0.        ,
         0.        , 15.        ,  6.42857143, 15.        ,  0.        ,
         0.        ,  0.        ,  1.25      ,  3.91304348,  1.55172414,
         0.        ,  0.        ,  0.        , 11.66666667, 10.        ,
        13.63636364, 15.        ,  3.        , 15.        ,  1.07142857,
         1.8       ,  0.        ,  0.        ,  3.46153846,  0.        ,
        15.        ,  0.        , 15.        ,  9.        ,  9.7826087 ,
        15.        , 11.25      , 15.        ,  1.5       ,  4.41176471,
         1.5       ,  5.76923077, 10.38461538, 10.        , 15.        ,
        15.        ,  4.58333333, 15.        ,  5.81632653, 15.        ,
        15.        , 15.        , 15.        , 15.        ]]), array([[ 0.        ,  5.625     ,  6.42857143, 12.85714286, 12.85714286,
         7.5       , 10.        ,  8.33333333,  2.02702703,  4.86486486,
         4.86486486, 15.        , 15.        , 15.        , 15.        ,
        15.        ,  4.89130435,  2.43243243,  2.43243243,  3.10344828,
         4.21875   ,  6.09375   ,  8.86363636,  8.25      , 12.        ,
        15.        , 15.        ,  0.        , 10.        , 15.        ,
        15.        , 15.        ,  0.        ,  3.33333333,  3.33333333,
        10.        ,  0.        ,  0.        ,  0.        , 15.        ,
         2.76315789,  3.92857143,  4.28571429,  5.14285714,  5.14285714,
         6.        ,  7.        ,  4.56521739, 11.08695652, 15.        ,
        15.        ,  2.        , 15.        , 15.        ,  5.29411765,
         0.        ,  0.        ,  0.        ,  0.        ,  0.        ,
         0.        ,  0.        ,  0.        ,  7.5       ],
       [15.        , 15.        , 15.        , 15.        , 15.        ,
        15.        , 15.        , 15.        , 15.        , 15.        ,
        15.        ,  8.75      , 10.5       ,  7.5       ,  0.        ,
         0.        ,  0.        ,  0.        ,  0.        ,  0.        ,
         0.        ,  0.        ,  0.        ,  0.        ,  0.        ,
         0.        ,  0.        ,  3.33333333, 15.        , 15.        ,
         8.57142857,  0.        , 15.        , 15.        , 15.        ,
        15.        , 15.        , 15.        ,  2.5       ,  0.        ,
         0.        ,  0.        ,  0.        ,  0.        ,  0.        ,
         0.        ,  0.        ,  0.        ,  0.        ,  0.        ,
         0.        ,  0.        , 13.33333333, 14.16666667, 15.        ,
        15.        , 15.        , 15.        , 15.        , 15.        ,
        15.        , 15.        ,  0.        ,  0.        ],
       [ 3.        ,  0.        ,  0.        ,  0.        ,  0.        ,
         0.        ,  0.        ,  0.        ,  0.        ,  0.        ,
         0.        ,  0.        ,  0.        ,  0.        ,  9.70588235,
        11.        , 15.        , 15.        , 15.        , 15.        ,
        15.        , 15.        , 15.        , 15.        , 15.        ,
         6.5625    ,  6.5625    , 15.        ,  0.        ,  0.        ,
         0.        , 15.        ,  0.        ,  0.        ,  0.        ,
         0.        ,  2.72727273,  8.18181818, 15.        , 10.71428571,
        15.        , 15.        , 15.        , 15.        , 15.        ,
        15.        , 15.        , 15.        , 15.        , 15.        ,
        15.        , 15.        ,  0.        ,  0.        ,  0.        ,
        13.63636364,  3.65853659,  0.46875   ,  0.        ,  0.        ,
         1.81818182,  3.63636364, 15.        , 15.        ]]), array([[15.        , 15.        , 15.        , 15.        , 15.        ,
        13.86792453,  9.59459459, 10.        ,  9.05172414,  0.        ,
         0.        ,  0.        ,  0.        ,  0.        ,  0.36885246,
         0.38793103,  0.42056075,  1.08433735,  2.31818182, 15.        ,
        15.        , 15.        , 15.        , 15.        , 15.        ,
        15.        , 15.        , 15.        , 15.        , 11.75      ,
         1.54761905,  0.66964286,  0.76530612,  0.        ,  0.        ,
         0.        ,  0.        ,  0.        ,  0.94488189,  1.73553719,
         2.14285714,  3.08219178,  2.72727273,  4.02985075,  3.33333333,
        15.        , 15.        , 15.        , 15.        , 15.        ,
        15.        , 15.        , 15.        , 10.        ,  0.        ,
         0.        ,  0.        ,  0.        ,  0.        ,  0.        ,
         0.        ,  0.        ,  0.        ,  0.        ],
       [ 0.        ,  0.        ,  0.        ,  0.        ,  0.        ,
        15.        , 15.        , 15.        , 15.        , 15.        ,
        15.        ,  4.41176471,  3.75      ,  3.18584071,  0.        ,
         0.        ,  0.        ,  0.        ,  0.        ,  0.        ,
         0.        ,  0.        ,  0.42857143,  5.5       ,  1.52777778,
         2.93103448,  0.13157895,  0.15      ,  0.        , 15.        ,
        15.        , 15.        , 15.        , 15.        , 13.29268293,
         2.92682927,  2.19827586,  2.25663717,  0.        ,  0.        ,
         0.        ,  0.        ,  0.        ,  0.        ,  0.        ,
         0.        ,  0.        ,  1.35      ,  1.17391304,  2.62886598,
         3.04878049,  4.74683544,  4.05405405, 15.        , 15.        ,
        15.        , 15.        , 15.        , 15.        ,  1.66666667,
         1.5       ,  1.02564103,  0.12195122,  0.25423729],
       [ 0.25862069,  0.5       ,  0.26086957,  0.28571429,  1.        ,
         0.        ,  0.        ,  0.        ,  0.        ,  1.51515152,
        12.14285714, 15.        , 15.        , 15.        , 15.        ,
        15.        , 15.        , 15.        , 15.        ,  2.64705882,
         0.        ,  0.        ,  0.        ,  0.        ,  0.        ,
         0.        ,  0.        ,  0.        ,  0.75757576,  0.        ,
         0.        ,  0.        ,  0.        ,  1.98795181, 15.        ,
        15.        , 15.        , 15.        , 15.        , 15.        ,
        15.        , 15.        , 15.        , 15.        , 15.        ,
         8.59090909,  1.30434783,  0.        ,  0.        ,  0.        ,
         0.        ,  0.        ,  0.        ,  0.        ,  1.39534884,
         4.14634146,  5.36842105,  6.796875  , 13.5       , 15.        ,
        15.        , 15.        , 15.        , 15.        ]]), array([[15.        , 15.        , 15.        , 15.        , 15.        ,
        15.        ,  0.        ,  0.        ,  0.        ,  0.        ,
         0.        ,  0.        , 15.        , 10.        , 14.48275862,
        14.48275862, 15.        , 15.        , 15.        , 15.        ,
        15.        ,  7.5       ,  0.        ,  0.        , 15.        ,
        15.        , 15.        , 15.        , 15.        , 15.        ,
         0.        ,  0.        ,  0.        ,  0.        ,  0.        ,
         9.13043478, 15.        , 15.        , 15.        , 15.        ,
        15.        , 15.        , 15.        ,  5.        ,  0.        ,
        15.        , 15.        , 15.        , 15.        , 15.        ,
        15.        , 15.        , 15.        , 15.        ,  0.        ,
         0.        ,  0.        , 12.        ,  9.47368421,  0.        ,
        15.        , 15.        , 15.        , 15.        ],
       [ 1.4516129 ,  0.        ,  4.61538462,  4.8       ,  4.375     ,
         3.75      , 15.        , 15.        , 15.        , 15.        ,
        15.        , 13.5       ,  0.        ,  0.        ,  0.        ,
         0.        ,  0.        , 13.84615385, 10.28571429,  3.21428571,
         8.57142857, 15.        , 15.        , 15.        ,  0.57692308,
         1.60714286,  2.67857143,  2.5862069 ,  1.15384615,  1.15384615,
        15.        , 15.        , 15.        , 15.        , 15.        ,
         0.        ,  0.        ,  0.        ,  0.        ,  0.        ,
         7.05882353,  9.26470588, 13.69565217,  0.        ,  7.5       ,
         0.        ,  0.        ,  0.        ,  0.        ,  0.        ,
         0.68181818,  1.25      ,  1.25      ,  0.        , 12.35294118,
        15.        ,  6.66666667,  0.        ,  0.        ,  0.        ,
         0.        ,  0.        ,  0.        ,  0.        ],
       [ 0.        ,  1.07142857,  0.        ,  0.        ,  0.        ,
         0.        , 12.75      , 13.5       ,  9.15254237,  5.67567568,
         4.05405405, 15.        ,  7.5       , 15.        , 15.        ,
        15.        ,  1.07142857,  0.        ,  0.        ,  0.        ,
         0.        ,  0.        ,  3.75      ,  7.5       ,  0.        ,
         0.        ,  0.        ,  0.        ,  0.        ,  0.        ,
        14.16666667, 12.91666667,  7.88135593,  3.        ,  3.85714286,
        15.        , 15.        , 12.39130435,  8.33333333,  4.16666667,
         0.        ,  0.        ,  0.        , 15.        , 15.        ,
         5.        ,  5.        ,  6.42857143,  1.66666667,  2.77777778,
         0.        ,  0.        ,  0.        ,  5.        , 15.        ,
        14.46428571, 15.        , 15.        , 15.        , 15.        ,
         7.5       ,  2.14285714,  1.15384615,  5.        ]]), array([[15.        , 15.        , 15.        , 15.        , 15.        ,
        15.        ,  0.        ,  0.        ,  0.        , 15.        ,
         7.5       , 15.        ,  0.        ,  0.        ,  0.        ,
         0.        ,  0.        ,  1.5       ,  2.        , 15.        ,
        15.        , 15.        , 15.        , 15.        , 15.        ,
        10.        , 15.        ,  0.        ,  5.        ,  7.5       ,
        10.        , 15.        ,  6.        ,  0.        ,  0.        ,
         2.14285714,  8.57142857,  7.5       ,  6.66666667,  5.625     ,
         4.09090909,  5.        , 15.        , 15.        , 15.        ,
        15.        , 15.        , 15.        , 15.        , 15.        ,
        15.        , 15.        ,  7.5       ,  0.        ,  0.        ,
         0.        ,  0.        ,  0.        ,  3.33333333, 10.        ,
         0.        ,  0.        ,  0.        ,  0.        ],
       [ 0.        ,  0.        ,  9.64285714, 12.27272727, 10.71428571,
         6.42857143, 15.        , 15.        , 15.        , 11.25      ,
        15.        , 11.25      , 15.        ,  6.42857143,  3.75      ,
         0.        ,  0.        ,  0.        ,  0.        , 10.71428571,
         2.14285714,  3.        ,  0.        ,  7.5       ,  3.        ,
         0.        ,  6.        , 15.        , 15.        , 15.        ,
        15.        , 15.        , 15.        , 10.        , 15.        ,
         0.        ,  0.        ,  0.        ,  0.        ,  0.        ,
         0.        ,  0.        ,  0.        ,  0.        ,  0.        ,
         0.        ,  0.        ,  0.        ,  0.        ,  0.        ,
         2.5       , 10.        ,  0.        ,  0.        , 15.        ,
         0.        , 15.        ,  7.5       , 15.        , 15.        ,
        15.        ,  6.66666667,  1.36363636,  5.76923077],
       [ 4.6875    ,  3.        ,  0.        ,  0.        ,  0.        ,
         0.        , 10.38461538,  5.        ,  3.75      ,  0.        ,
         0.        ,  0.        ,  0.        , 15.        , 15.        ,
        15.        , 15.        , 15.        , 15.        ,  0.        ,
         0.        ,  0.        ,  0.        ,  0.        ,  0.        ,
        15.        ,  0.        ,  0.        ,  0.        ,  0.        ,
         0.        ,  0.        ,  0.        , 15.        , 11.25      ,
        15.        , 15.        , 15.        , 15.        , 15.        ,
        15.        , 15.        , 11.25      ,  1.25      ,  2.30769231,
         3.75      ,  3.        ,  5.        ,  3.        ,  5.        ,
         0.        ,  0.        , 15.        , 15.        , 15.        ,
        15.        ,  7.5       , 15.        ,  0.        ,  0.        ,
         3.75      , 15.        , 15.        , 15.        ]]), array([[15.        , 15.        , 15.        , 15.        , 15.        ,
        15.        , 15.        ,  0.        , 13.5       , 15.        ,
        15.        , 11.25      , 11.25      , 12.85714286,  9.        ,
         0.        ,  0.        ,  0.        ,  0.        ,  0.        ,
         0.        , 15.        , 15.        , 15.        ,  0.        ,
         0.        ,  0.        , 15.        , 15.        , 10.        ,
        10.        ,  7.5       , 15.        , 15.        , 15.        ,
        12.        ,  6.        ,  8.57142857,  8.57142857, 15.        ,
         0.        ,  0.        ,  0.        ,  6.42857143, 15.        ,
        15.        , 15.        , 15.        ,  3.        , 15.        ,
         0.        , 15.        , 15.        , 15.        , 12.85714286,
        15.        , 15.        , 15.        , 15.        , 15.        ,
         0.        ,  0.        ,  0.        ,  0.        ],
       [ 0.        ,  0.        , 15.        ,  7.5       , 10.71428571,
        12.85714286, 15.        ,  0.        ,  0.        ,  0.        ,
         0.        , 15.        , 15.        , 15.        , 15.        ,
        15.        , 15.        ,  8.18181818, 15.        , 15.        ,
        15.        ,  7.5       ,  0.        ,  0.        , 15.        ,
         7.5       ,  5.625     ,  0.        ,  0.        , 15.        ,
        15.        , 15.        ,  0.        ,  0.        ,  0.        ,
        15.        , 15.        , 15.        , 15.        , 15.        ,
         0.        ,  2.5       , 15.        , 15.        ,  0.        ,
         0.        ,  1.36363636,  6.81818182, 15.        ,  9.        ,
        15.        ,  6.92307692,  0.        ,  0.        ,  0.        ,
         2.14285714,  0.        ,  0.        ,  0.        ,  0.        ,
        15.        , 15.        ,  5.        , 11.66666667],
       [13.125     ,  6.42857143,  0.        ,  0.        ,  0.        ,
         0.        ,  0.        , 15.        , 15.        , 12.        ,
        10.90909091,  0.        ,  0.        ,  0.        ,  0.        ,
         0.        ,  7.5       , 15.        , 12.        ,  0.        ,
         0.        ,  0.        ,  0.        ,  0.        , 15.        ,
        15.        , 15.        , 10.71428571,  6.42857143,  0.        ,
         0.        ,  0.        , 11.25      ,  0.        ,  8.33333333,
         0.        ,  0.        ,  0.        ,  0.        ,  0.        ,
         0.        , 15.        , 11.25      ,  0.        ,  8.57142857,
         6.        ,  0.        ,  0.        ,  0.        ,  0.        ,
         2.14285714,  0.        , 10.71428571, 11.66666667, 15.        ,
         0.        ,  6.92307692,  0.        , 11.53846154,  0.        ,
        15.        , 11.25      , 15.        , 15.        ]]), array([[ 0.        ,  0.        ,  0.        ,  0.        ,  0.        ,
         0.        ,  0.        ,  0.        ,  0.        ,  0.        ,
         0.        ,  0.        , 13.5       , 14.79166667, 14.79166667,
        15.        ,  0.        ,  0.        ,  0.        ,  0.        ,
         0.        ,  0.        ,  0.        ,  0.        ,  0.        ,
         0.        ,  0.        ,  0.        ,  0.        , 10.94594595,
        10.94594595, 11.35514019,  0.        ,  0.        ,  7.94117647,
         7.94117647, 11.91176471, 13.6       , 13.6       , 14.2       ,
         0.        ,  0.        ,  0.        ,  0.        ,  0.        ,
         0.        ,  0.        ,  0.        ,  0.        ,  0.        ,
        15.        , 15.        , 15.        , 15.        , 15.        ,
        15.        , 15.        , 15.        , 15.        , 15.        ,
        15.        , 15.        , 15.        , 15.        ],
       [15.        , 15.        ,  2.72727273, 12.85714286, 12.85714286,
         2.97619048,  1.71052632,  1.71052632, 15.        , 15.        ,
        15.        , 15.        , 15.        , 15.        , 15.        ,
        15.        ,  0.        ,  0.        , 15.        , 15.        ,
        12.        , 14.85      , 14.85      , 14.4       , 12.6       ,
        12.6       , 14.4       , 14.5       , 14.5       ,  0.        ,
         0.        ,  0.        , 15.        , 15.        , 15.        ,
        15.        , 15.        , 15.        , 15.        , 15.        ,
        15.        , 15.        , 15.        , 15.        , 15.        ,
        15.        , 15.        , 15.        ,  0.        ,  0.        ,
         0.        ,  0.        ,  0.        ,  0.        ,  0.        ,
         0.        , 15.        , 14.        , 14.79166667, 14.79166667,
        15.        , 15.        , 15.        , 15.        ],
       [15.        , 15.        , 15.        , 15.        , 15.        ,
        15.        , 15.        , 15.        , 15.        , 15.        ,
        13.54368932, 13.54368932,  0.        ,  0.        ,  0.        ,
         0.        ,  0.        ,  0.        , 15.        , 15.        ,
        15.        , 15.        , 15.        , 15.        , 15.        ,
        15.        , 15.        , 15.        , 15.        , 15.        ,
        15.        , 15.        , 13.        , 11.25      ,  0.        ,
         0.        ,  0.        ,  0.        ,  0.        ,  0.        ,
        15.        , 15.        , 15.        , 15.        , 15.        ,
        15.        , 15.        , 15.        ,  0.        ,  0.        ,
        15.        , 15.        , 15.        , 15.        , 15.        ,
        12.83505155,  0.        ,  0.        ,  0.        ,  0.        ,
         0.        ,  0.        ,  0.        ,  0.        ]]), array([[15.        , 15.        , 15.        ,  0.        ,  0.        ,
         0.        ,  0.        ,  0.        ,  7.31092437,  0.25210084,
         0.26086957,  0.75630252,  0.37815126,  0.39473684,  0.        ,
         0.        , 11.66666667,  6.5625    ,  6.5625    ,  0.        ,
         0.        , 13.86792453, 13.86792453,  0.        ,  0.        ,
         0.        , 12.        ,  0.        ,  0.        ,  0.        ,
        15.        , 15.        , 15.        , 15.        , 15.        ,
        15.        , 15.        , 15.        , 15.        ,  7.5       ,
        14.47368421, 14.47368421, 11.84210526,  0.        ,  0.        ,
        15.        , 15.        , 15.        ,  0.        ,  0.        ,
        11.25      ,  0.        ,  0.        ,  0.        , 15.        ,
        15.        , 15.        , 15.        , 15.        , 15.        ,
        15.        , 15.        , 15.        ,  6.92307692],
       [ 0.        ,  0.        ,  0.        , 12.69230769, 12.69230769,
        13.99038462, 13.27868852, 13.27868852,  0.        ,  0.        ,
         0.        ,  0.        ,  0.        ,  0.        ,  1.48648649,
         0.29411765, 15.        , 15.        , 15.        ,  1.21621622,
         0.67567568,  0.        ,  0.        , 15.        , 15.        ,
        15.        ,  0.        , 14.25      , 14.25      , 14.7       ,
         0.        ,  7.5       ,  0.        ,  0.        ,  0.        ,
        15.        , 15.        , 15.        , 15.        , 15.        ,
        15.        , 15.        , 15.        , 15.        , 15.        ,
         0.        ,  0.        ,  0.        , 15.        , 15.        ,
         0.        , 14.46902655, 14.46902655, 14.73451327,  0.        ,
         0.        ,  0.        ,  0.        ,  0.        , 15.        ,
        15.        , 15.        , 15.        , 15.        ],
       [15.        , 15.        , 15.        , 15.        , 15.        ,
        15.        , 15.        , 15.        , 15.        , 15.        ,
        15.        , 15.        , 15.        , 15.        , 15.        ,
        15.        ,  0.        ,  0.        ,  0.        , 15.        ,
        15.        , 15.        , 15.        , 15.        , 15.        ,
        15.        , 15.        , 15.        , 15.        , 15.        ,
        15.        ,  0.        , 14.47368421, 14.47368421, 14.47368421,
         0.        ,  0.        ,  0.        ,  0.        ,  0.        ,
         0.        ,  0.        ,  0.        , 15.        , 15.        ,
         0.        ,  0.        ,  0.        , 15.        , 15.        ,
        15.        , 15.        , 15.        , 15.        , 15.        ,
         0.        , 14.73913043, 14.73913043, 14.86956522,  0.        ,
         0.        ,  0.        ,  0.        ,  0.        ]]), array([[15.        , 15.        , 15.        , 15.        , 15.        ,
        15.        , 15.        , 15.        , 10.        ,  4.16666667,
         4.16666667,  5.35714286,  0.        ,  0.        ,  0.        ,
         0.        ,  0.        ,  0.        ,  0.        ,  0.        ,
         4.5       ,  9.        , 15.        , 15.        , 15.        ,
        15.        , 15.        , 15.        , 15.        , 15.        ,
        15.        , 15.        , 13.125     ,  7.5       ,  7.72727273,
         6.07142857,  4.28571429,  4.77272727,  8.75      ,  8.75      ,
         0.        ,  0.        ,  0.        ,  0.        ,  0.        ,
         0.        ,  0.        ,  8.        , 15.        , 15.        ,
        15.        , 15.        , 15.        , 15.        , 15.        ,
        15.        , 10.26315789,  0.        ,  0.        ,  0.        ,
         1.66666667,  3.        ,  5.        ,  5.        ],
       [ 0.        ,  0.        ,  0.        ,  0.        ,  0.        ,
         4.16666667,  6.25      ,  6.25      , 15.        , 15.        ,
        15.        , 15.        , 15.        , 15.        , 15.        ,
        15.        , 11.25      ,  2.5       ,  2.5       ,  2.14285714,
         0.        ,  0.        ,  0.        , 10.71428571,  3.40909091,
         5.19230769,  1.73076923,  3.46153846,  3.46153846,  8.07692308,
         5.25      ,  8.03571429, 15.        , 15.        , 15.        ,
        15.        , 15.        , 15.        , 15.        , 15.        ,
        11.53846154,  3.46153846,  3.46153846,  2.64705882,  8.82352941,
         6.92307692, 12.85714286,  0.        ,  0.        ,  0.        ,
         0.        ,  0.        ,  0.        ,  0.        ,  0.        ,
         0.        , 15.        , 15.        , 15.        , 15.        ,
        15.        , 15.        , 15.        , 15.        ],
       [ 5.2173913 ,  1.95652174,  4.28571429,  5.2173913 ,  3.26086957,
         0.        ,  0.        ,  0.        ,  0.        ,  0.        ,
         0.        ,  0.        ,  1.875     ,  4.6875    ,  6.81818182,
         5.        , 15.        , 15.        , 15.        , 15.        ,
        15.        , 15.        ,  6.25      ,  0.        ,  0.        ,
         0.        ,  0.        ,  0.        ,  0.        ,  0.        ,
         0.        ,  0.        ,  0.        ,  0.        ,  0.        ,
         0.        ,  0.        ,  0.        ,  0.        ,  0.        ,
        15.        , 15.        , 15.        , 15.        , 15.        ,
        15.        , 15.        , 15.        ,  9.7826087 ,  8.47826087,
         7.5       , 10.71428571,  3.21428571,  2.30769231,  2.14285714,
         1.07142857,  0.        ,  2.60869565,  1.95652174,  2.14285714,
         0.        ,  0.        ,  0.        ,  0.        ]]), array([[ 0.        ,  0.        ,  2.36842105,  7.89473684, 13.63636364,
        14.        ,  9.        , 15.        , 15.        , 15.        ,
        15.        , 13.88888889,  9.44444444,  9.23076923, 15.        ,
        15.        , 15.        , 15.        ,  0.        ,  0.        ,
         0.        ,  0.        ,  0.        ,  1.95652174,  3.91304348,
         4.5       ,  4.5       , 15.        , 15.        , 15.        ,
        15.        , 15.        , 15.        , 15.        , 15.        ,
        15.        , 11.84210526, 11.47058824, 12.1875    ,  4.6875    ,
         0.        ,  0.        ,  0.        ,  0.        ,  0.        ,
         0.        ,  0.        ,  0.        ,  0.        ,  0.        ,
         0.        , 12.        , 15.        , 15.        , 15.        ,
        15.        ,  9.        , 10.        , 11.42857143, 12.        ,
         7.5       ,  5.625     ,  7.5       , 10.        ],
       [ 5.        ,  1.875     ,  0.        ,  0.        ,  0.        ,
         0.        ,  0.        ,  0.        ,  0.        ,  0.        ,
         1.8       , 15.        , 15.        , 15.        ,  9.375     ,
        10.71428571,  0.        ,  0.        ,  9.        ,  1.95652174,
         3.91304348,  5.55555556,  7.5       ,  0.        ,  0.        ,
         0.        ,  0.        ,  0.        ,  0.        ,  0.        ,
         0.        ,  0.        ,  8.18181818,  8.18181818,  7.85714286,
        13.57142857, 15.        , 15.        , 15.        , 15.        ,
         8.68421053, 12.63157895, 13.2       , 15.        ,  8.33333333,
         9.28571429, 13.92857143,  5.35714286,  8.25      ,  5.89285714,
         9.64285714,  0.        ,  0.        ,  0.        ,  0.        ,
         0.        , 15.        , 15.        , 15.        , 15.        ,
        15.        , 15.        , 15.        , 15.        ],
       [15.        , 15.        , 15.        , 15.        , 15.        ,
        15.        , 15.        ,  0.        ,  2.72727273,  1.36363636,
         0.        ,  0.        ,  0.        ,  0.        ,  0.        ,
         0.        ,  3.75      ,  6.        , 15.        , 15.        ,
        15.        , 15.        , 15.        , 15.        , 15.        ,
        15.        , 15.        , 13.04347826,  5.2173913 ,  7.74193548,
         7.5       ,  4.6875    ,  0.        ,  0.        ,  0.        ,
         0.        ,  0.        ,  0.        ,  0.        ,  0.        ,
        15.        , 15.        , 15.        , 12.27272727, 15.        ,
        15.        , 15.        , 15.        , 15.        , 15.        ,
        15.        , 15.        ,  7.5       , 12.        , 15.        ,
         6.5625    ,  0.        ,  0.        ,  0.        ,  0.        ,
         0.        ,  0.        ,  0.        ,  0.        ]]), array([[14.25      ,  9.42857143, 15.        , 11.25      ,  6.36363636,
        15.        , 15.        , 15.        , 15.        , 15.        ,
        15.        , 15.        , 15.        , 15.        , 15.        ,
        15.        , 13.59375   , 15.        , 15.        , 13.84615385,
        15.        ,  7.03125   ,  1.        ,  6.96428571, 10.17857143,
         9.80769231, 10.625     ,  5.625     ,  9.07894737, 15.        ,
        15.        , 15.        , 15.        , 15.        , 15.        ,
        15.        , 15.        , 15.        , 15.        , 15.        ,
        15.        , 15.        , 15.        , 11.11111111,  9.67741935,
         0.        ,  0.        ,  0.        , 15.        , 15.        ,
        15.        , 15.        ,  9.54545455, 11.75675676, 13.63636364,
        10.97560976,  9.23076923,  4.71428571,  5.68965517,  4.35483871,
        15.        , 15.        , 15.        , 15.        ],
       [15.        , 15.        , 14.54545455, 15.        , 15.        ,
         7.8       ,  5.13157895,  8.        , 11.34146341, 10.81395349,
        14.53125   ,  9.41860465,  9.20454545, 12.85714286, 12.73584906,
        12.73584906, 15.        , 11.25      , 11.53846154, 15.        ,
        13.71428571, 15.        , 15.        , 15.        , 15.        ,
        15.        , 15.        , 15.        , 15.        ,  5.2173913 ,
         4.44444444,  4.82142857,  7.5       ,  7.77777778,  4.16666667,
        11.66666667,  6.77419355,  5.55555556,  8.33333333,  9.        ,
         0.        ,  0.        ,  0.        ,  0.        ,  0.        ,
         3.42857143,  7.5       ,  5.25      ,  0.        ,  0.        ,
         0.        ,  0.        ,  0.        ,  0.        ,  0.        ,
         0.        ,  0.        ,  0.        ,  0.        ,  0.        ,
         0.        ,  0.        ,  0.        ,  0.        ],
       [ 0.        ,  0.        ,  0.        ,  0.        ,  0.        ,
         0.        ,  0.        ,  0.        ,  0.        ,  0.        ,
         0.        ,  0.        ,  0.        ,  0.        ,  0.        ,
         0.        ,  0.        ,  0.        ,  0.        ,  0.        ,
         0.        ,  0.        ,  0.        ,  0.        ,  0.        ,
         0.        ,  0.        ,  0.        ,  0.        ,  0.        ,
         0.        ,  0.        ,  0.        ,  0.        ,  0.        ,
         0.        ,  0.        ,  0.        ,  0.        ,  0.        ,
         4.5       , 12.85714286, 10.5       , 15.        , 15.        ,
        15.        , 15.        , 15.        ,  6.42857143,  5.71428571,
         4.61538462,  0.        , 15.        , 15.        , 15.        ,
        15.        , 15.        , 15.        , 15.        , 15.        ,
        13.5       ,  6.5       , 10.26315789,  7.875     ]]), array([[15.        , 15.        , 15.        , 15.        , 15.        ,
        12.30769231,  9.23076923, 13.18548387, 15.        ,  4.67889908,
         4.55882353,  4.65      ,  0.        ,  0.        ,  0.        ,
         0.        ,  0.        ,  0.        ,  0.        ,  0.        ,
         0.        ,  0.        ,  0.        ,  6.22641509, 15.        ,
        15.        , 15.        , 15.        , 15.        ,  2.14285714,
         0.        ,  8.04545455, 10.6626506 , 11.89655172, 12.5862069 ,
        12.44318182,  2.38636364,  2.24137931,  2.21590909,  0.        ,
         0.        ,  0.        ,  0.        ,  0.        ,  0.        ,
         0.        ,  0.        , 10.41322314, 14.87603306, 15.        ,
        15.        , 15.        , 15.        ,  3.        ,  0.        ,
        12.36842105, 15.        , 14.68421053, 15.        , 15.        ,
         9.75      ,  8.4375    ,  8.30769231,  0.        ],
       [ 0.        ,  0.        ,  0.        ,  0.        ,  0.        ,
        15.        , 15.        , 15.        , 14.44954128, 15.        ,
        15.        , 15.        , 15.        , 15.        , 15.        ,
        15.        , 15.        , 13.60169492, 14.1322314 , 15.        ,
         7.5       ,  2.23880597,  2.41935484,  0.        ,  0.        ,
         0.        ,  0.        ,  0.        ,  0.        , 15.        ,
        15.        , 15.        , 15.        , 15.        , 15.        ,
        15.        , 15.        , 15.        , 15.        , 15.        ,
        13.34745763, 12.90983607, 13.17757009, 12.81818182, 12.13636364,
         7.6744186 ,  8.91891892,  0.        ,  0.        ,  0.        ,
         0.        ,  0.        ,  0.        , 15.        , 15.        ,
        15.        , 14.68085106, 15.        , 14.83146067, 13.48314607,
        15.        , 15.        , 15.        , 15.        ],
       [11.80327869, 12.02380952, 12.11009174, 11.68141593, 10.75221239,
         0.        ,  0.        ,  0.        ,  0.        ,  0.        ,
         0.        ,  0.        ,  0.14851485,  2.67326733,  2.34782609,
         2.56410256, 14.61538462, 15.        , 15.        , 15.        ,
        15.        , 15.        , 15.        , 15.        , 13.82608696,
        13.60169492, 13.87850467, 13.62385321, 14.72477064,  0.        ,
        10.88235294,  0.        ,  0.        ,  0.        ,  0.        ,
         0.        ,  0.        ,  0.        ,  0.        ,  2.42857143,
        15.        , 15.        , 15.        , 15.        , 15.        ,
        15.        , 15.        , 15.        , 15.        , 13.91129032,
        14.33628319, 13.96551724, 14.87068966,  0.        , 11.25      ,
         0.        ,  0.        ,  0.        ,  0.        ,  0.        ,
         0.        ,  0.        ,  0.        ,  4.84375   ]]), array([[15.        , 15.        , 15.        ,  0.        ,  2.64705882,
         7.        ,  5.33333333,  0.        ,  0.        ,  0.        ,
         0.        ,  0.        ,  0.        ,  0.        ,  0.        ,
         0.        ,  0.        ,  0.        ,  0.        ,  0.        ,
         0.        , 15.        , 15.        , 15.        , 15.        ,
         0.        , 15.        , 15.        , 15.        ,  0.        ,
         0.        , 15.        , 15.        , 15.        , 15.        ,
        15.        , 15.        , 15.        , 15.        , 15.        ,
        15.        , 15.        , 14.61206897, 15.        ,  5.        ,
         0.        ,  0.        ,  0.        , 15.        , 15.        ,
        15.        , 15.        , 15.        ,  0.        ,  0.        ,
         0.        , 15.        , 15.        , 15.        , 15.        ,
        15.        , 15.        , 15.        , 15.        ],
       [11.25      ,  7.5       ,  7.5       , 15.        , 15.        ,
        15.        , 15.        ,  4.43877551, 15.        , 15.        ,
        15.        , 15.        , 15.        , 15.        , 15.        ,
        15.        , 15.        , 15.        , 15.        , 15.        ,
        15.        , 15.        , 15.        , 15.        , 15.        ,
         0.        ,  0.        ,  0.        ,  0.        ,  0.        ,
         0.        , 15.        ,  0.        ,  0.        ,  0.        ,
         0.        ,  0.        ,  0.        ,  0.        ,  0.        ,
         0.        ,  0.        ,  0.        ,  0.        , 15.        ,
        15.        , 15.        ,  1.11702128,  0.        ,  0.        ,
         0.        ,  0.        ,  0.        ,  0.        ,  0.        ,
         0.        ,  0.        ,  0.        ,  0.        ,  0.        ,
         0.        ,  7.5       , 14.60526316, 14.60526316],
       [ 0.        ,  0.        ,  0.        , 14.84693878,  0.        ,
         0.        ,  0.        , 15.        , 14.27184466, 14.27884615,
        15.        , 15.        , 15.        , 15.        , 15.        ,
        15.        , 13.45360825, 13.45360825, 12.4137931 , 14.48275862,
        14.48275862,  0.        ,  0.        ,  0.        ,  0.        ,
         0.        , 15.        , 15.        , 15.        ,  0.        ,
         0.        ,  0.        ,  9.18103448,  9.18103448,  0.77586207,
         1.01694915,  1.01694915, 15.        , 15.        , 15.        ,
        14.86725664, 14.87179487, 15.        , 14.73451327,  0.        ,
        14.04255319, 15.        , 15.        , 15.        , 15.        ,
        15.        , 15.        , 15.        ,  0.        ,  0.        ,
         0.        , 15.        , 15.        , 15.        , 15.        ,
        15.        ,  0.        ,  0.        ,  0.        ]]), array([[15.        , 15.        , 15.        , 15.        , 15.        ,
        15.        , 15.        , 15.        , 15.        , 15.        ,
        15.        , 15.        , 15.        , 15.        , 15.        ,
         0.        ,  0.        ,  2.19827586,  3.78151261, 15.        ,
        15.        , 15.        , 15.        , 15.        , 15.        ,
        15.        , 15.        , 15.        , 15.        , 14.36170213,
        14.36170213,  0.        ,  0.        , 15.        ,  0.        ,
         0.        ,  0.        ,  0.        ,  0.        ,  0.        ,
         1.2295082 , 15.        , 15.        , 15.        , 15.        ,
        15.        , 15.        , 15.        , 15.        , 15.        ,
        15.        , 15.        , 15.        ,  0.        ,  0.        ,
         0.        ,  0.        ,  0.        ,  0.        ,  0.        ,
         0.        ,  0.        ,  0.82677165,  1.41732283],
       [ 1.40625   ,  0.        ,  2.08695652,  2.10526316,  1.51376147,
        14.86238532, 14.86238532,  0.        ,  0.        ,  0.        ,
         0.        ,  0.        ,  0.        ,  0.        ,  0.        ,
         9.86111111, 10.44117647,  0.        ,  0.        ,  0.        ,
         5.        ,  1.57894737,  0.        ,  1.        ,  0.70754717,
         1.62162162,  6.63716814,  6.69642857,  0.        , 15.        ,
        15.        , 15.        , 15.        ,  0.        , 15.        ,
         0.        , 15.        , 15.        ,  6.06060606,  7.30434783,
        15.        , 15.        ,  4.41176471,  2.14285714,  6.42857143,
         0.98901099,  0.        ,  2.84810127,  2.12264151,  0.        ,
         8.94736842,  9.10714286,  0.        ,  0.        ,  0.        ,
         0.        , 15.        , 14.34782609, 15.        , 11.08695652,
        13.5       , 13.5       ,  0.        ,  0.        ],
       [ 0.        ,  0.13157895,  0.        ,  0.        ,  0.        ,
         0.        ,  0.        , 15.        , 15.        , 15.        ,
        15.        , 15.        , 12.        , 12.        , 14.23076923,
        15.        , 15.        , 15.        , 15.        ,  0.        ,
         0.        ,  0.        ,  1.76470588,  0.        ,  0.        ,
         0.        ,  0.        ,  0.        ,  4.11290323,  0.        ,
         0.        ,  0.        ,  0.        , 15.        ,  0.        ,
         0.        , 15.        , 15.        , 15.        , 15.        ,
         0.        ,  0.        ,  0.        ,  0.        ,  0.        ,
         0.        ,  1.04651163,  0.        ,  0.        ,  5.73033708,
         0.        ,  0.        , 15.        ,  0.        ,  0.        ,
         0.        ,  0.        , 15.        , 14.68085106, 15.        ,
        15.        , 15.        , 15.        , 15.        ]]), array([[14.875     , 14.63114754,  0.        ,  0.        ,  1.75675676,
         1.75675676,  3.10810811,  3.10810811,  3.10810811,  0.81081081,
         0.        ,  0.        ,  0.        ,  0.        ,  0.        ,
         0.        ,  0.        ,  0.        ,  0.        , 15.        ,
        15.        , 15.        ,  0.        , 15.        ,  0.        ,
         0.        ,  0.        ,  0.        , 15.        , 15.        ,
        15.        , 15.        , 15.        , 15.        , 15.        ,
        15.        , 15.        , 15.        , 15.        ,  0.        ,
         0.        ,  0.        ,  0.        ,  0.        ,  0.        ,
         0.        , 15.        , 15.        , 15.        , 15.        ,
        15.        , 15.        ,  0.        ,  0.        ,  0.        ,
         0.        ,  0.        ,  0.        ,  0.        , 15.        ,
        15.        , 15.        , 15.        ,  0.        ],
       [ 0.        ,  0.        ,  5.        , 14.7       , 15.        ,
        15.        , 15.        , 15.        , 15.        , 15.        ,
        15.        , 15.        , 15.        , 15.        , 15.        ,
         0.        ,  0.        ,  0.        ,  0.        , 15.        ,
        15.        , 15.        ,  0.        ,  0.        , 10.90909091,
        10.90909091, 15.        ,  0.        , 15.        , 15.        ,
        15.        , 15.        , 15.        , 15.        , 15.        ,
        15.        , 14.85849057,  0.        , 15.        , 15.        ,
        15.        , 15.        , 15.        , 15.        ,  0.        ,
         0.        , 15.        ,  0.32967033,  0.32967033,  2.75229358,
        15.        , 15.        ,  0.        ,  0.        ,  0.        ,
         0.        ,  0.        ,  0.        ,  0.        ,  0.        ,
         0.        ,  0.        , 15.        , 15.        ],
       [15.        , 15.        , 15.        , 15.        ,  0.        ,
         0.        ,  0.        ,  0.        ,  0.        ,  0.        ,
        15.        , 15.        , 15.        , 15.        , 15.        ,
         0.        ,  0.        ,  0.        ,  0.        ,  0.        ,
         0.        ,  0.        ,  0.        , 15.        , 15.        ,
        15.        , 15.        ,  0.        ,  0.        ,  0.        ,
         0.        ,  0.        ,  0.        ,  0.        ,  0.        ,
         0.        ,  0.        ,  0.        ,  0.        , 14.86111111,
        14.86111111, 14.86111111,  0.        , 15.        , 15.        ,
        15.        ,  0.        ,  0.        ,  0.        ,  0.        ,
         0.        ,  0.        , 15.        , 15.        , 15.        ,
         0.        ,  0.        ,  0.        ,  0.        , 15.        ,
        15.        ,  9.05660377,  0.        ,  9.75      ]]), array([[15.        , 15.        , 15.        , 15.        , 15.        ,
        15.        , 14.87179487, 14.86956522, 15.        ,  2.5       ,
         1.05      , 15.        , 15.        ,  0.29126214,  1.71052632,
         8.15789474,  8.15789474,  8.01724138, 15.        , 15.        ,
        15.        , 15.        , 15.        , 15.        , 15.        ,
        15.        ,  6.42857143,  0.        ,  0.        ,  0.        ,
         0.81081081,  2.2983871 ,  2.3553719 ,  2.07317073,  1.19469027,
         3.75      ,  2.08333333,  0.        ,  1.72131148,  4.30327869,
         4.23387097,  3.10344828, 11.4159292 , 12.40384615, 12.47663551,
        15.        , 15.        , 15.        , 15.        , 15.        ,
        15.        ,  0.        ,  0.        ,  0.        ,  0.        ,
         0.        ,  0.        ,  0.42857143,  0.        ,  0.        ,
         0.        ,  0.        ,  2.44897959,  4.28571429],
       [ 3.36      ,  1.84210526, 10.40540541, 10.3125    , 10.51282051,
        15.        , 15.        , 15.        , 14.73684211, 15.        ,
        15.        ,  0.        ,  0.        ,  0.        ,  0.        ,
         0.        ,  0.        ,  0.        ,  0.        ,  0.        ,
         0.        ,  0.        ,  0.        ,  0.13761468,  0.9375    ,
         2.25      , 15.        , 15.        , 15.        , 15.        ,
        15.        , 15.        , 15.        , 15.        , 15.        ,
        15.        , 15.        ,  4.30555556,  0.        ,  0.        ,
         0.        ,  0.        ,  0.        ,  0.        ,  0.        ,
         0.        ,  0.        ,  0.        ,  0.        ,  0.        ,
         9.40677966, 15.        , 15.        , 15.        , 15.        ,
        15.        , 15.        , 15.        , 15.        , 15.        ,
        15.        , 13.35365854,  0.        ,  0.        ],
       [ 0.        ,  0.        ,  0.        ,  0.        ,  0.        ,
         0.        ,  0.        ,  0.        ,  0.        ,  0.        ,
         0.        ,  3.33333333, 15.        , 15.        , 15.        ,
        15.        , 15.        , 15.        , 14.61538462, 13.97435897,
        14.        , 14.11764706,  1.2605042 ,  0.        ,  0.        ,
         0.        ,  0.        ,  0.34883721,  0.34883721,  0.13392857,
         0.        ,  0.        ,  0.        ,  0.        ,  0.        ,
         0.        ,  0.        , 15.        , 15.        , 15.        ,
        15.        , 15.        , 15.        , 15.        , 15.        ,
        13.71794872,  6.53846154,  6.31578947, 11.61290323,  0.703125  ,
         0.        ,  3.67346939,  7.95918367,  3.17073171,  2.45689655,
         0.64655172,  0.69444444,  0.        ,  1.2       ,  1.69014085,
         2.05479452, 15.        , 15.        , 15.        ]]), array([[ 0.        ,  9.41860465, 15.        , 15.        , 15.        ,
         9.375     , 15.        ,  4.16666667,  0.        ,  0.        ,
         0.        ,  0.        ,  0.        ,  0.        ,  0.        ,
         0.        ,  0.        ,  9.09090909, 11.81818182,  9.28571429,
         9.54545455, 13.29545455, 15.        , 15.        , 15.        ,
        15.        , 15.        , 14.57142857, 14.28571429, 13.04347826,
         1.95652174,  0.        ,  0.        ,  1.55172414,  0.        ,
         0.        ,  0.        ,  0.        ,  0.        ,  0.        ,
         0.        ,  6.58536585,  4.02439024,  3.5106383 ,  5.35714286,
         8.57142857, 10.90909091,  8.57142857, 15.        , 15.        ,
        15.        , 15.        , 15.        , 12.85714286,  0.        ,
         0.        ,  0.        ,  0.        ,  0.        ,  0.        ,
         0.        ,  0.        ,  0.        ,  0.        ],
       [ 6.66666667, 15.        ,  7.77777778,  8.4       ,  0.        ,
        15.        ,  9.23076923,  0.        , 15.        , 15.        ,
        13.5       , 15.        , 15.        , 15.        , 15.        ,
        15.        , 15.        ,  0.        ,  0.        ,  0.        ,
         0.        ,  0.        ,  0.        ,  0.        ,  0.        ,
         5.52631579,  9.21052632, 15.        , 15.        , 15.        ,
        15.        , 15.        , 15.        , 15.        , 15.        ,
        15.        , 15.        , 15.        , 15.        , 15.        ,
        14.34782609,  0.        ,  0.        ,  0.        ,  0.        ,
         0.        ,  0.        ,  0.        ,  0.        ,  5.        ,
        13.52941176, 14.08163265, 12.5       , 15.        , 15.        ,
        14.16666667, 15.        , 15.        , 15.        , 15.        ,
        15.        , 15.        , 14.48275862, 14.28571429],
       [15.        ,  0.        ,  0.        ,  0.        ,  8.18181818,
         0.        ,  0.        , 15.        ,  9.28571429,  8.33333333,
        15.        , 10.71428571, 11.12903226, 10.16129032, 12.6       ,
        11.66666667, 10.83333333, 15.        , 15.        , 15.        ,
        15.        , 15.        , 11.92307692, 11.36363636, 10.41666667,
         0.        ,  0.        ,  0.        ,  0.        ,  0.        ,
         0.        , 10.5       ,  4.88372093,  0.        ,  5.19230769,
         5.19230769,  8.10810811,  6.08108108,  7.25806452,  4.09090909,
        15.        , 15.        , 15.        , 15.        , 15.        ,
        15.        , 15.        , 15.        , 12.35294118,  0.        ,
         0.        ,  0.        ,  0.        ,  0.        ,  5.73529412,
        15.        , 14.21052632, 14.16666667, 15.        , 14.59459459,
        14.48275862, 15.        , 15.        , 15.        ]]), array([[15.        , 15.        ,  0.        ,  0.        ,  0.        ,
         0.        ,  0.        ,  0.        ,  0.        ,  0.        ,
         0.        ,  0.        ,  0.        ,  0.        ,  0.        ,
         0.        ,  0.        ,  0.        , 15.        , 15.        ,
        15.        , 14.84848485, 15.        ,  0.        ,  0.        ,
         0.        ,  0.        ,  0.        ,  0.        ,  0.        ,
         0.        ,  0.        ,  0.        ,  0.        ,  0.        ,
         0.        ,  0.        , 15.        , 15.        , 14.71428571,
         0.        ,  0.        ,  0.        ,  0.        ,  0.        ,
        15.        , 15.        , 15.        , 15.        , 15.        ,
        15.        , 15.        , 15.        , 15.        , 15.        ,
        15.        , 15.        ,  0.        ,  3.86597938,  3.86597938,
         0.77319588,  0.        ,  0.        ,  0.        ],
       [ 0.        ,  0.        ,  0.        , 15.        , 15.        ,
        15.        , 15.        , 15.        , 15.        , 15.        ,
        15.        , 15.        , 15.        , 15.        , 15.        ,
        15.        , 15.        , 15.        ,  1.57894737,  0.        ,
         0.        ,  0.        ,  0.        ,  0.        ,  0.        ,
         0.        ,  0.        , 15.        , 15.        , 15.        ,
         0.        ,  0.        ,  0.        ,  0.        ,  0.        ,
         0.        ,  0.        , 15.        , 15.        , 15.        ,
        15.        , 15.        , 15.        , 15.        , 15.        ,
        15.        , 15.        ,  0.        ,  0.        ,  0.        ,
         7.66666667,  7.66666667,  7.58426966, 15.        , 15.        ,
        15.        , 15.        , 15.        , 15.        , 15.        ,
        15.        , 15.        , 15.        , 15.        ],
       [15.        , 15.        ,  0.        , 15.        , 15.        ,
        15.        , 15.        , 15.        , 15.        , 15.        ,
         7.22222222,  7.22222222,  7.58823529, 14.64705882, 14.82142857,
        14.85148515,  1.18811881,  6.66666667,  0.        , 15.        ,
        15.        , 15.        , 15.        ,  0.        ,  0.        ,
         0.        ,  0.        , 15.        , 15.        , 15.        ,
         0.        ,  0.        ,  0.        ,  0.        ,  0.        ,
         0.        ,  0.        ,  0.        ,  0.        ,  0.        ,
         7.5       ,  7.5       , 14.85294118, 13.38235294, 13.38235294,
         0.        ,  0.        ,  4.05      ,  4.05      ,  1.5       ,
         0.        ,  0.        ,  0.        ,  0.        ,  0.        ,
         0.        ,  0.        ,  1.04166667,  0.        ,  0.        ,
         0.        , 14.83695652, 14.83695652,  7.5       ]]), array([[ 0.        ,  0.        ,  0.        ,  0.        ,  0.        ,
         0.        ,  0.        ,  0.        ,  0.        ,  4.28571429,
         4.28571429, 15.        , 15.        , 15.        , 15.        ,
        15.        , 15.        , 15.        , 15.        , 15.        ,
        15.        , 15.        , 15.        , 15.        ,  0.        ,
         0.        ,  0.        ,  0.        ,  0.        ,  0.        ,
         0.        ,  0.        ,  0.        ,  6.66666667,  0.        ,
        14.34782609, 15.        , 15.        , 15.        , 15.        ,
        15.        , 15.        , 15.        , 15.        , 15.        ,
        15.        , 15.        , 15.        , 15.        , 15.        ,
        12.5       ,  0.        ,  0.        ,  0.        ,  9.47368421,
         9.16666667,  9.70588235,  8.82352941,  9.75      , 15.        ,
        15.        , 15.        , 15.        , 15.        ],
       [15.        , 15.        , 15.        , 15.        , 15.        ,
        15.        , 15.        , 15.        , 15.        , 15.        ,
        15.        ,  0.        ,  0.        ,  0.        ,  0.        ,
         0.        ,  2.85714286,  6.42857143,  6.75      ,  8.88888889,
        11.11111111,  9.67741935,  8.125     ,  8.125     , 15.        ,
        15.        , 15.        , 15.        , 13.        , 15.        ,
        15.        , 15.        , 15.        , 15.        , 15.        ,
         0.        ,  0.        ,  0.        ,  0.        ,  0.        ,
         7.5       , 13.125     ,  8.07692308,  9.375     , 11.25      ,
        12.85714286, 13.23529412, 10.58823529, 14.4       , 13.5       ,
        15.        , 15.        , 15.        , 15.        , 15.        ,
        15.        , 15.        , 15.        , 15.        ,  5.76923077,
         3.75      ,  6.34615385,  6.34615385,  6.34615385],
       [ 3.75      , 10.5       ,  8.07692308,  1.15384615,  0.        ,
         0.        ,  1.        ,  5.        ,  3.94736842,  0.        ,
         0.        , 12.77777778, 11.5       , 14.        , 12.85714286,
        10.58823529,  0.        ,  0.        ,  0.        ,  0.        ,
         0.        ,  0.        ,  0.        ,  0.        ,  1.07142857,
         8.57142857, 10.        , 10.38461538, 15.        ,  9.7826087 ,
         7.        ,  4.        ,  4.61538462,  0.        ,  3.        ,
        15.        , 11.5       , 10.5       ,  7.05882353, 15.        ,
         0.        ,  0.        ,  0.        ,  0.        ,  0.        ,
         0.        ,  0.        ,  0.        ,  0.        ,  0.        ,
         0.        ,  5.52631579,  2.36842105,  2.04545455,  0.        ,
         0.        ,  0.        ,  0.        ,  0.        ,  0.        ,
         0.        ,  0.        ,  0.        ,  0.        ]])]
[[[15.          0.         15.         ...  0.          0.
    0.        ]
  [ 0.          9.64285714  0.         ... 15.         15.
   15.        ]
  [ 6.5        15.          2.90322581 ...  8.         11.78571429
    8.07692308]]

 [[15.         15.         15.         ... 15.         15.
   12.        ]
  [14.11764706 13.125      13.125      ...  0.          0.
    0.        ]
  [ 0.          0.          0.         ... 15.         15.
   15.        ]]

 [[15.          1.25       15.         ...  0.          0.
   15.        ]
  [ 0.         15.         13.92857143 ... 15.         11.25
   15.        ]
  [ 0.          0.          0.         ...  1.875      15.
    0.        ]]

 ...

 [[ 0.          9.41860465 15.         ...  0.          0.
    0.        ]
  [ 6.66666667 15.          7.77777778 ... 15.         14.48275862
   14.28571429]
  [15.          0.          0.         ... 15.         15.
   15.        ]]

 [[15.         15.          0.         ...  0.          0.
    0.        ]
  [ 0.          0.          0.         ... 15.         15.
   15.        ]
  [15.         15.          0.         ... 14.83695652 14.83695652
    7.5       ]]

 [[ 0.          0.          0.         ... 15.         15.
   15.        ]
  [15.         15.         15.         ...  6.34615385  6.34615385
    6.34615385]
  [ 3.75       10.5         8.07692308 ...  0.          0.
    0.        ]]]
[1 1 1]
0 *************************
[1 1 1]
1 *************************
[1 1 1]
2 *************************
[1 1 1]
3 *************************
[1 1 1]
4 *************************
[1 1 1]
5 *************************
[1 1 1]
6 *************************
[1 1 1]
7 *************************
[1 1 1]
8 *************************
[1 1 1]
9 *************************
[1 1 1]
10 *************************
[1 1 1]
11 *************************
[1 1 1]
12 *************************
[1 1 1]
13 *************************
[1 1 1]
14 *************************
[1 1 1]
15 *************************
[1 1 1]
16 *************************
[1 1 1]
17 *************************
[1 1 1]
18 *************************
[1 1 1]
19 *************************
[1 1 1]
20 *************************
[1 1 7]
21 *************************
